voltage_YSR_1_41C_	absJ_YSR_1_41C_	J_YSR_1_41C_	current_YSR_1_41C_	time_YSR_1_41C_
0.000000E+0	4.557230E-5	4.557230E-5	1.767526E-10	0.000000E+0
5.000000E-2	5.304043E-5	5.304043E-5	2.057178E-10	1.884766E-1
1.000000E-1	5.964884E-5	5.964884E-5	2.313486E-10	3.779297E-1
1.500000E-1	6.750421E-5	6.750421E-5	2.618157E-10	5.664063E-1
2.000000E-1	7.347779E-5	7.347779E-5	2.849843E-10	7.548828E-1
2.500000E-1	7.959357E-5	7.959357E-5	3.087044E-10	9.443359E-1
3.000000E-1	8.731960E-5	8.731960E-5	3.386699E-10	1.132813E+0
3.500000E-1	9.315596E-5	9.315596E-5	3.613063E-10	1.321289E+0
4.000000E-1	9.924562E-5	9.924562E-5	3.849251E-10	1.509766E+0
4.500000E-1	1.067216E-4	1.067216E-4	4.139206E-10	1.699219E+0
5.000000E-1	1.124612E-4	1.124612E-4	4.361818E-10	1.887695E+0
5.000000E-1	1.107651E-4	1.107651E-4	4.296035E-10	2.076172E+0
4.500000E-1	1.036207E-4	1.036207E-4	4.018937E-10	2.264648E+0
4.000000E-1	9.525368E-5	9.525368E-5	3.694423E-10	2.454102E+0
3.500000E-1	8.725104E-5	8.725104E-5	3.384040E-10	2.642578E+0
3.000000E-1	8.096958E-5	8.096958E-5	3.140413E-10	2.831055E+0
2.500000E-1	7.329153E-5	7.329153E-5	2.842619E-10	3.019531E+0
2.000000E-1	6.564275E-5	6.564275E-5	2.545960E-10	3.208984E+0
1.500000E-1	5.956141E-5	5.956141E-5	2.310095E-10	3.397461E+0
1.000000E-1	5.238964E-5	5.238964E-5	2.031937E-10	3.585938E+0
5.000000E-2	4.500768E-5	4.500768E-5	1.745627E-10	3.774414E+0
0.000000E+0	3.895878E-5	3.895878E-5	1.511020E-10	3.963867E+0
-5.000000E-2	3.235101E-5	3.235101E-5	1.254737E-10	4.152344E+0
-1.000000E-1	2.558519E-5	2.558519E-5	9.923240E-11	5.130859E+0
-1.500000E-1	1.457820E-5	1.457820E-5	5.654169E-11	6.026367E+0
-2.000000E-1	1.316807E-5	1.316807E-5	5.107247E-11	6.549805E+0
-2.500000E-1	7.976379E-6	7.976379E-6	3.093646E-11	7.073242E+0
-3.000000E-1	1.595671E-6	1.595671E-6	6.188827E-12	7.596680E+0
-3.500000E-1	4.652174E-6	-4.652174E-6	-1.804350E-11	8.120117E+0
-4.000000E-1	1.031359E-5	-1.031359E-5	-4.000135E-11	8.643555E+0
-4.500000E-1	1.431853E-5	-1.431853E-5	-5.553454E-11	9.166992E+0
-5.000000E-1	1.546905E-5	-1.546905E-5	-5.999685E-11	9.690430E+0
-5.000000E-1	1.539979E-5	-1.539979E-5	-5.972824E-11	1.021387E+1
-4.500000E-1	1.218869E-5	-1.218869E-5	-4.727396E-11	1.081934E+1
-4.000000E-1	9.467075E-6	-9.467075E-6	-3.671814E-11	1.171484E+1
-3.500000E-1	3.382258E-6	-3.382258E-6	-1.311812E-11	1.223828E+1
-3.000000E-1	2.551782E-6	2.551782E-6	9.897111E-12	1.276172E+1
-2.500000E-1	8.460472E-6	8.460472E-6	3.281402E-11	1.328516E+1
-2.000000E-1	1.324985E-5	1.324985E-5	5.138967E-11	1.422559E+1
-1.500000E-1	1.459359E-5	1.459359E-5	5.660138E-11	1.512109E+1
-1.000000E-1	2.435950E-5	2.435950E-5	9.447854E-11	1.572656E+1
-5.000000E-2	3.181204E-5	3.181204E-5	1.233833E-10	1.591602E+1
0.000000E+0	3.745328E-5	3.745328E-5	1.452629E-10	1.610449E+1
0.000000E+0	3.818789E-5	3.818789E-5	1.481121E-10	1.629395E+1
5.000000E-2	4.367964E-5	4.367964E-5	1.694119E-10	1.648242E+1
1.000000E-1	4.896525E-5	4.896525E-5	1.899122E-10	1.667090E+1
1.500000E-1	5.580528E-5	5.580528E-5	2.164413E-10	1.685938E+1
2.000000E-1	6.104840E-5	6.104840E-5	2.367768E-10	1.704883E+1
2.500000E-1	6.601482E-5	6.601482E-5	2.560391E-10	1.723730E+1
3.000000E-1	7.258557E-5	7.258557E-5	2.815238E-10	1.742578E+1
3.500000E-1	7.779744E-5	7.779744E-5	3.017381E-10	1.761426E+1
4.000000E-1	8.266068E-5	8.266068E-5	3.206002E-10	1.780371E+1
4.500000E-1	8.903209E-5	8.903209E-5	3.453118E-10	1.799219E+1
5.000000E-1	9.427786E-5	9.427786E-5	3.656576E-10	1.818066E+1
5.000000E-1	9.250775E-5	9.250775E-5	3.587922E-10	1.836914E+1
4.500000E-1	8.620327E-5	8.620327E-5	3.343402E-10	1.855859E+1
4.000000E-1	7.944701E-5	7.944701E-5	3.081360E-10	1.874707E+1
3.500000E-1	7.238657E-5	7.238657E-5	2.807520E-10	1.893555E+1
3.000000E-1	6.690155E-5	6.690155E-5	2.594783E-10	1.912402E+1
2.500000E-1	6.078939E-5	6.078939E-5	2.357722E-10	1.931348E+1
2.000000E-1	5.408062E-5	5.408062E-5	2.097522E-10	1.950195E+1
1.500000E-1	4.876190E-5	4.876190E-5	1.891235E-10	1.969043E+1
1.000000E-1	4.303756E-5	4.303756E-5	1.669216E-10	1.987988E+1
5.000000E-2	3.654932E-5	3.654932E-5	1.417569E-10	2.006836E+1
0.000000E+0	3.126637E-5	3.126637E-5	1.212669E-10	2.025684E+1
-5.000000E-2	2.597013E-5	2.597013E-5	1.007254E-10	2.044629E+1
-1.000000E-1	2.000830E-5	2.000830E-5	7.760237E-11	2.142383E+1
-1.500000E-1	1.378300E-5	1.378300E-5	5.345750E-11	2.231934E+1
-2.000000E-1	1.050534E-5	1.050534E-5	4.074505E-11	2.284277E+1
-2.500000E-1	5.313402E-6	5.313402E-6	2.060808E-11	2.336621E+1
-3.000000E-1	1.269017E-7	-1.269017E-7	-4.921896E-13	2.388965E+1
-3.500000E-1	5.511906E-6	-5.511906E-6	-2.137798E-11	2.441309E+1
-4.000000E-1	1.040695E-5	-1.040695E-5	-4.036346E-11	2.493652E+1
-4.500000E-1	1.416458E-5	-1.416458E-5	-5.493746E-11	2.545996E+1
-5.000000E-1	1.531651E-5	-1.531651E-5	-5.940524E-11	2.598340E+1
-5.000000E-1	1.524065E-5	-1.524065E-5	-5.911101E-11	2.650684E+1
-4.500000E-1	1.104392E-5	-1.104392E-5	-4.283396E-11	2.711328E+1
-4.000000E-1	9.406315E-6	-9.406315E-6	-3.648248E-11	2.800781E+1
-3.500000E-1	4.087859E-6	-4.087859E-6	-1.585480E-11	2.853125E+1
-3.000000E-1	1.165753E-6	1.165753E-6	4.521383E-12	2.905469E+1
-2.500000E-1	6.351229E-6	6.351229E-6	2.463330E-11	2.957813E+1
-2.000000E-1	1.157199E-5	1.157199E-5	4.488206E-11	3.010156E+1
-1.500000E-1	1.399452E-5	1.399452E-5	5.427787E-11	3.062500E+1
-1.000000E-1	1.508635E-5	1.508635E-5	5.851255E-11	3.114844E+1
-5.000000E-2	2.527344E-5	2.527344E-5	9.802326E-11	3.175488E+1
0.000000E+0	3.154972E-5	3.154972E-5	1.223659E-10	3.194336E+1
0.000000E+0	3.080075E-5	3.080075E-5	1.194610E-10	3.213281E+1
5.000000E-2	3.769087E-5	3.769087E-5	1.461844E-10	3.232129E+1
1.000000E-1	4.209362E-5	4.209362E-5	1.632605E-10	3.250977E+1
1.500000E-1	4.688644E-5	4.688644E-5	1.818495E-10	3.269824E+1
2.000000E-1	5.298025E-5	5.298025E-5	2.054844E-10	3.288770E+1
2.500000E-1	5.716784E-5	5.716784E-5	2.217260E-10	3.307617E+1
3.000000E-1	6.166555E-5	6.166555E-5	2.391704E-10	3.326465E+1
3.500000E-1	6.776093E-5	6.776093E-5	2.628114E-10	3.345312E+1
4.000000E-1	7.180980E-5	7.180980E-5	2.785150E-10	3.364258E+1
4.500000E-1	7.621296E-5	7.621296E-5	2.955927E-10	3.383105E+1
5.000000E-1	8.209633E-5	8.209633E-5	3.184114E-10	3.401953E+1
5.000000E-1	8.057275E-5	8.057275E-5	3.125022E-10	3.420801E+1
4.500000E-1	7.381416E-5	7.381416E-5	2.862889E-10	3.439746E+1
4.000000E-1	6.921662E-5	6.921662E-5	2.684573E-10	3.458594E+1
3.500000E-1	6.291456E-5	6.291456E-5	2.440147E-10	3.477441E+1
3.000000E-1	5.706963E-5	5.706963E-5	2.213451E-10	3.496289E+1
2.500000E-1	5.279425E-5	5.279425E-5	2.047630E-10	3.515234E+1
2.000000E-1	4.699499E-5	4.699499E-5	1.822705E-10	3.534082E+1
1.500000E-1	4.129958E-5	4.129958E-5	1.601808E-10	3.552930E+1
1.000000E-1	3.713377E-5	3.713377E-5	1.440237E-10	3.571777E+1
5.000000E-2	3.159724E-5	3.159724E-5	1.225502E-10	3.590723E+1
0.000000E+0	2.602018E-5	2.602018E-5	1.009195E-10	3.609570E+1
-5.000000E-2	1.524220E-5	1.524220E-5	5.911703E-11	3.699121E+1
-1.000000E-1	1.688110E-5	1.688110E-5	6.547352E-11	3.776465E+1
-1.500000E-1	1.277053E-5	1.277053E-5	4.953064E-11	3.866016E+1
-2.000000E-1	8.513422E-6	8.513422E-6	3.301939E-11	3.918359E+1
-2.500000E-1	3.513726E-6	3.513726E-6	1.362802E-11	3.970703E+1
-3.000000E-1	9.832470E-7	-9.832470E-7	-3.813533E-12	4.023047E+1
-3.500000E-1	5.888079E-6	-5.888079E-6	-2.283697E-11	4.075391E+1
-4.000000E-1	1.011207E-5	-1.011207E-5	-3.921977E-11	4.127734E+1
-4.500000E-1	1.394431E-5	-1.394431E-5	-5.408313E-11	4.180078E+1
-5.000000E-1	1.576607E-5	-1.576607E-5	-6.114886E-11	4.240625E+1
-5.000000E-1	1.499400E-5	-1.499400E-5	-5.815437E-11	4.330176E+1
-4.500000E-1	1.351313E-5	-1.351313E-5	-5.241080E-11	4.382520E+1
-4.000000E-1	9.248452E-6	-9.248452E-6	-3.587021E-11	4.434863E+1
-3.500000E-1	4.234245E-6	-4.234245E-6	-1.642256E-11	4.487207E+1
-3.000000E-1	5.989244E-7	5.989244E-7	2.322934E-12	4.539551E+1
-2.500000E-1	4.988110E-6	4.988110E-6	1.934643E-11	4.591895E+1
-2.000000E-1	9.777055E-6	9.777055E-6	3.792040E-11	4.644238E+1
-1.500000E-1	1.333068E-5	1.333068E-5	5.170318E-11	4.696582E+1
-1.000000E-1	1.458207E-5	1.458207E-5	5.655671E-11	4.748926E+1
-5.000000E-2	2.178325E-5	2.178325E-5	8.448653E-11	4.809570E+1
0.000000E+0	2.803007E-5	2.803007E-5	1.087149E-10	4.828418E+1
0.000000E+0	2.688569E-5	2.688569E-5	1.042764E-10	4.847363E+1
5.000000E-2	3.276181E-5	3.276181E-5	1.270670E-10	4.866211E+1
1.000000E-1	3.763727E-5	3.763727E-5	1.459765E-10	4.885059E+1
1.500000E-1	4.141738E-5	4.141738E-5	1.606377E-10	4.903906E+1
2.000000E-1	4.652416E-5	4.652416E-5	1.804444E-10	4.922754E+1
2.500000E-1	5.127805E-5	5.127805E-5	1.988824E-10	4.941699E+1
3.000000E-1	5.483986E-5	5.483986E-5	2.126969E-10	4.960547E+1
3.500000E-1	5.971157E-5	5.971157E-5	2.315919E-10	4.979395E+1
4.000000E-1	6.449013E-5	6.449013E-5	2.501256E-10	4.998340E+1
4.500000E-1	6.795708E-5	6.795708E-5	2.635722E-10	5.017188E+1
5.000000E-1	7.262664E-5	7.262664E-5	2.816831E-10	5.036035E+1
5.000000E-1	7.226049E-5	7.226049E-5	2.802630E-10	5.054883E+1
4.500000E-1	6.578726E-5	6.578726E-5	2.551565E-10	5.073828E+1
4.000000E-1	6.090845E-5	6.090845E-5	2.362340E-10	5.092676E+1
3.500000E-1	5.633579E-5	5.633579E-5	2.184989E-10	5.111523E+1
3.000000E-1	5.059720E-5	5.059720E-5	1.962417E-10	5.130371E+1
2.500000E-1	4.606460E-5	4.606460E-5	1.786620E-10	5.149316E+1
2.000000E-1	4.188129E-5	4.188129E-5	1.624370E-10	5.168164E+1
1.500000E-1	3.638189E-5	3.638189E-5	1.411075E-10	5.187012E+1
1.000000E-1	3.198301E-5	3.198301E-5	1.240464E-10	5.205859E+1
5.000000E-2	2.797621E-5	2.797621E-5	1.085060E-10	5.224805E+1
0.000000E+0	2.305534E-5	2.305534E-5	8.942036E-11	5.322559E+1
-5.000000E-2	1.483512E-5	1.483512E-5	5.753817E-11	5.412109E+1
-1.000000E-1	1.413282E-5	1.413282E-5	5.481426E-11	5.472754E+1
-1.500000E-1	1.129729E-5	1.129729E-5	4.381666E-11	5.562207E+1
-2.000000E-1	6.779318E-6	6.779318E-6	2.629365E-11	5.614551E+1
-2.500000E-1	2.583621E-6	2.583621E-6	1.002060E-11	5.666895E+1
-3.000000E-1	1.734750E-6	-1.734750E-6	-6.728243E-12	5.719238E+1
-3.500000E-1	5.948362E-6	-5.948362E-6	-2.307078E-11	5.771582E+1
-4.000000E-1	9.870403E-6	-9.870403E-6	-3.828245E-11	5.823926E+1
-4.500000E-1	1.370497E-5	-1.370497E-5	-5.315487E-11	5.876270E+1
-5.000000E-1	1.491410E-5	-1.491410E-5	-5.784448E-11	5.928613E+1
-5.000000E-1	1.482859E-5	-1.482859E-5	-5.751281E-11	5.980957E+1
-4.500000E-1	1.016159E-5	-1.016159E-5	-3.941181E-11	6.041602E+1
-4.000000E-1	8.813742E-6	-8.813742E-6	-3.418418E-11	6.131152E+1
-3.500000E-1	4.474619E-6	-4.474619E-6	-1.735485E-11	6.183496E+1
-3.000000E-1	2.276224E-7	-2.276224E-7	-8.828355E-13	6.235840E+1
-2.500000E-1	4.053423E-6	4.053423E-6	1.572124E-11	6.288184E+1
-2.000000E-1	8.234596E-6	8.234596E-6	3.193796E-11	6.340527E+1
-1.500000E-1	1.213117E-5	1.213117E-5	4.705084E-11	6.392871E+1
-1.000000E-1	1.409089E-5	1.409089E-5	5.465164E-11	6.445215E+1
-5.000000E-2	1.507894E-5	1.507894E-5	5.848383E-11	6.497559E+1
0.000000E+0	1.598727E-5	1.598727E-5	6.200679E-11	6.549902E+1
0.000000E+0	2.273629E-5	2.273629E-5	8.818291E-11	6.610547E+1
5.000000E-2	2.837701E-5	2.837701E-5	1.100605E-10	6.629395E+1
1.000000E-1	3.229447E-5	3.229447E-5	1.252544E-10	6.648242E+1
1.500000E-1	3.760679E-5	3.760679E-5	1.458583E-10	6.667188E+1
2.000000E-1	4.155173E-5	4.155173E-5	1.611588E-10	6.686035E+1
2.500000E-1	4.492440E-5	4.492440E-5	1.742397E-10	6.704883E+1
3.000000E-1	4.988953E-5	4.988953E-5	1.934970E-10	6.723730E+1
3.500000E-1	5.381387E-5	5.381387E-5	2.087176E-10	6.742676E+1
4.000000E-1	5.703464E-5	5.703464E-5	2.212094E-10	6.761523E+1
4.500000E-1	6.176610E-5	6.176610E-5	2.395604E-10	6.780371E+1
5.000000E-1	6.575462E-5	6.575462E-5	2.550299E-10	6.799219E+1
5.000000E-1	6.415733E-5	6.415733E-5	2.488348E-10	6.818164E+1
4.500000E-1	5.965439E-5	5.965439E-5	2.313701E-10	6.837012E+1
4.000000E-1	5.503336E-5	5.503336E-5	2.134474E-10	6.855859E+1
3.500000E-1	4.970056E-5	4.970056E-5	1.927641E-10	6.874805E+1
3.000000E-1	4.577047E-5	4.577047E-5	1.775212E-10	6.893652E+1
2.500000E-1	4.165990E-5	4.165990E-5	1.615783E-10	6.912500E+1
2.000000E-1	3.663681E-5	3.663681E-5	1.420962E-10	6.931348E+1
1.500000E-1	3.276099E-5	3.276099E-5	1.270638E-10	6.950293E+1
1.000000E-1	2.893614E-5	2.893614E-5	1.122291E-10	6.969141E+1
5.000000E-2	2.437756E-5	2.437756E-5	9.454859E-11	7.066895E+1
0.000000E+0	1.535332E-5	1.535332E-5	5.954799E-11	7.156445E+1
-5.000000E-2	1.436548E-5	1.436548E-5	5.571665E-11	7.208887E+1
-1.000000E-1	1.304245E-5	1.304245E-5	5.058527E-11	7.261230E+1
-1.500000E-1	9.469173E-6	9.469173E-6	3.672628E-11	7.313574E+1
-2.000000E-1	5.343782E-6	5.343782E-6	2.072591E-11	7.365918E+1
-2.500000E-1	1.656060E-6	1.656060E-6	6.423043E-12	7.418262E+1
-3.000000E-1	2.407587E-6	-2.407587E-6	-9.337850E-12	7.470605E+1
-3.500000E-1	5.954767E-6	-5.954767E-6	-2.309562E-11	7.522949E+1
-4.000000E-1	9.903428E-6	-9.903428E-6	-3.841054E-11	7.575293E+1
-4.500000E-1	9.930782E-6	-9.930782E-6	-3.851663E-11	7.652637E+1
-5.000000E-1	1.467869E-5	-1.467869E-5	-5.693145E-11	7.742090E+1
-5.000000E-1	1.459031E-5	-1.459031E-5	-5.658866E-11	7.794434E+1
-4.500000E-1	1.278437E-5	-1.278437E-5	-4.958428E-11	7.846777E+1
-4.000000E-1	8.664584E-6	-8.664584E-6	-3.360567E-11	7.899121E+1
-3.500000E-1	4.387435E-6	-4.387435E-6	-1.701671E-11	7.951465E+1
-3.000000E-1	6.237494E-7	-6.237494E-7	-2.419218E-12	8.003809E+1
-2.500000E-1	3.464431E-6	3.464431E-6	1.343683E-11	8.056152E+1
-2.000000E-1	7.067364E-6	7.067364E-6	2.741084E-11	8.108496E+1
-1.500000E-1	1.096099E-5	1.096099E-5	4.251229E-11	8.160840E+1
-1.000000E-1	1.345209E-5	1.345209E-5	5.217404E-11	8.221484E+1
-5.000000E-2	1.460409E-5	1.460409E-5	5.664210E-11	8.310937E+1
0.000000E+0	2.042562E-5	2.042562E-5	7.922096E-11	8.371582E+1
0.000000E+0	1.547403E-5	1.547403E-5	6.001618E-11	8.461133E+1
5.000000E-2	1.637447E-5	1.637447E-5	6.350853E-11	8.513477E+1
1.000000E-1	1.719743E-5	1.719743E-5	6.670040E-11	8.565820E+1
1.500000E-1	3.169777E-5	3.169777E-5	1.229401E-10	8.626465E+1
2.000000E-1	3.712354E-5	3.712354E-5	1.439840E-10	8.645312E+1
2.500000E-1	4.034344E-5	4.034344E-5	1.564724E-10	8.664160E+1
3.000000E-1	4.475732E-5	4.475732E-5	1.735917E-10	8.683008E+1
3.500000E-1	4.898433E-5	4.898433E-5	1.899862E-10	8.701953E+1
4.000000E-1	5.183770E-5	5.183770E-5	2.010530E-10	8.720801E+1
4.500000E-1	5.591398E-5	5.591398E-5	2.168629E-10	8.739648E+1
5.000000E-1	6.011172E-5	6.011172E-5	2.331439E-10	8.758496E+1
5.000000E-1	5.847112E-5	5.847112E-5	2.267808E-10	8.777441E+1
4.500000E-1	5.400920E-5	5.400920E-5	2.094752E-10	8.796289E+1
4.000000E-1	5.014403E-5	5.014403E-5	1.944841E-10	8.815137E+1
3.500000E-1	4.508768E-5	4.508768E-5	1.748730E-10	8.833984E+1
3.000000E-1	4.123504E-5	4.123504E-5	1.599305E-10	8.852930E+1
2.500000E-1	3.778591E-5	3.778591E-5	1.465530E-10	8.871777E+1
2.000000E-1	3.301980E-5	3.301980E-5	1.280676E-10	8.890625E+1
1.500000E-1	2.926967E-5	2.926967E-5	1.135227E-10	8.909570E+1
1.000000E-1	2.606089E-5	2.606089E-5	1.010774E-10	8.928418E+1
5.000000E-2	2.161322E-5	2.161322E-5	8.382706E-11	9.026172E+1
0.000000E+0	1.485138E-5	1.485138E-5	5.760123E-11	9.115723E+1
-5.000000E-2	1.412151E-5	1.412151E-5	5.477041E-11	9.176367E+1
-1.000000E-1	1.200473E-5	1.200473E-5	4.656044E-11	9.265918E+1
-1.500000E-1	8.134173E-6	8.134173E-6	3.154847E-11	9.318262E+1
-2.000000E-1	4.482849E-6	4.482849E-6	1.738677E-11	9.370605E+1
-2.500000E-1	8.321642E-7	8.321642E-7	3.227557E-12	9.422949E+1
-3.000000E-1	2.803897E-6	-2.803897E-6	-1.087494E-11	9.475293E+1
-3.500000E-1	6.099990E-6	-6.099990E-6	-2.365887E-11	9.527637E+1
-4.000000E-1	9.819574E-6	-9.819574E-6	-3.808531E-11	9.579980E+1
-4.500000E-1	1.304097E-5	-1.304097E-5	-5.057953E-11	9.632324E+1
-5.000000E-1	1.457579E-5	-1.457579E-5	-5.653235E-11	9.684668E+1
-5.000000E-1	1.017910E-5	-1.017910E-5	-3.947975E-11	9.745312E+1
-4.500000E-1	1.230910E-5	-1.230910E-5	-4.774096E-11	9.834766E+1
-4.000000E-1	8.549970E-6	-8.549970E-6	-3.316114E-11	9.887109E+1
-3.500000E-1	4.726427E-6	-4.726427E-6	-1.833149E-11	9.939453E+1
-3.000000E-1	1.020395E-6	-1.020395E-6	-3.957612E-12	9.991797E+1
-2.500000E-1	2.775494E-6	2.775494E-6	1.076478E-11	1.004414E+2
-2.000000E-1	6.092567E-6	6.092567E-6	2.363008E-11	1.009648E+2
-1.500000E-1	9.792911E-6	9.792911E-6	3.798190E-11	1.014883E+2
-1.000000E-1	1.297926E-5	1.297926E-5	5.034020E-11	1.020117E+2
-5.000000E-2	1.425002E-5	1.425002E-5	5.526885E-11	1.025352E+2
0.000000E+0	1.882311E-5	1.882311E-5	7.300560E-11	1.031416E+2
0.000000E+0	1.505028E-5	1.505028E-5	5.837264E-11	1.040371E+2
5.000000E-2	2.184407E-5	2.184407E-5	8.472245E-11	1.046426E+2
1.000000E-1	2.722373E-5	2.722373E-5	1.055875E-10	1.048320E+2
1.500000E-1	3.030043E-5	3.030043E-5	1.175205E-10	1.050205E+2
2.000000E-1	3.436284E-5	3.436284E-5	1.332766E-10	1.052090E+2
2.500000E-1	3.859467E-5	3.859467E-5	1.496898E-10	1.053975E+2
3.000000E-1	4.121503E-5	4.121503E-5	1.598529E-10	1.055869E+2
3.500000E-1	4.495191E-5	4.495191E-5	1.743464E-10	1.057754E+2
4.000000E-1	4.917356E-5	4.917356E-5	1.907201E-10	1.059639E+2
4.500000E-1	5.168821E-5	5.168821E-5	2.004732E-10	1.061523E+2
5.000000E-1	5.520507E-5	5.520507E-5	2.141134E-10	1.063418E+2
5.000000E-1	5.530362E-5	5.530362E-5	2.144956E-10	1.065303E+2
4.500000E-1	4.993583E-5	4.993583E-5	1.936766E-10	1.067187E+2
4.000000E-1	4.586700E-5	4.586700E-5	1.778956E-10	1.069082E+2
3.500000E-1	4.267320E-5	4.267320E-5	1.655084E-10	1.070967E+2
3.000000E-1	3.806906E-5	3.806906E-5	1.476512E-10	1.072852E+2
2.500000E-1	3.421152E-5	3.421152E-5	1.326897E-10	1.074736E+2
2.000000E-1	3.136501E-5	3.136501E-5	1.216495E-10	1.076631E+2
1.500000E-1	2.694899E-5	2.694899E-5	1.045219E-10	1.078516E+2
1.000000E-1	1.612525E-5	1.612525E-5	6.254195E-11	1.087471E+2
5.000000E-2	1.547961E-5	1.547961E-5	6.003781E-11	1.092705E+2
0.000000E+0	1.607809E-5	1.607809E-5	6.235901E-11	1.098760E+2
-5.000000E-2	1.340643E-5	1.340643E-5	5.199698E-11	1.107715E+2
-1.000000E-1	1.059651E-5	1.059651E-5	4.109865E-11	1.112949E+2
-1.500000E-1	7.128012E-6	7.128012E-6	2.764606E-11	1.118184E+2
-2.000000E-1	3.698410E-6	3.698410E-6	1.434432E-11	1.123418E+2
-2.500000E-1	1.671413E-7	1.671413E-7	6.482592E-13	1.128652E+2
-3.000000E-1	2.927764E-6	-2.927764E-6	-1.135536E-11	1.133887E+2
-3.500000E-1	6.414439E-6	-6.414439E-6	-2.487846E-11	1.139121E+2
-4.000000E-1	9.527796E-6	-9.527796E-6	-3.695365E-11	1.144355E+2
-4.500000E-1	1.291411E-5	-1.291411E-5	-5.008748E-11	1.149590E+2
-5.000000E-1	9.530948E-6	-9.530948E-6	-3.696587E-11	1.158994E+2
-5.000000E-1	1.422740E-5	-1.422740E-5	-5.518111E-11	1.167949E+2
-4.500000E-1	1.192353E-5	-1.192353E-5	-4.624552E-11	1.173184E+2
-4.000000E-1	8.310858E-6	-8.310858E-6	-3.223374E-11	1.178418E+2
-3.500000E-1	4.756776E-6	-4.756776E-6	-1.844920E-11	1.183652E+2
-3.000000E-1	1.076973E-6	-1.076973E-6	-4.177048E-12	1.188887E+2
-2.500000E-1	2.129063E-6	2.129063E-6	8.257589E-12	1.194121E+2
-2.000000E-1	5.645372E-6	5.645372E-6	2.189563E-11	1.199355E+2
-1.500000E-1	8.908347E-6	8.908347E-6	3.455111E-11	1.204590E+2
-1.000000E-1	1.211871E-5	1.211871E-5	4.700253E-11	1.209824E+2
-5.000000E-2	1.392503E-5	1.392503E-5	5.400835E-11	1.219229E+2
0.000000E+0	1.474173E-5	1.474173E-5	5.717592E-11	1.228184E+2
0.000000E+0	1.666467E-5	1.666467E-5	6.463408E-11	1.234248E+2
5.000000E-2	1.560557E-5	1.560557E-5	6.052637E-11	1.243193E+2
1.000000E-1	2.345274E-5	2.345274E-5	9.096168E-11	1.249258E+2
1.500000E-1	2.804583E-5	2.804583E-5	1.087760E-10	1.251143E+2
2.000000E-1	3.137154E-5	3.137154E-5	1.216748E-10	1.253027E+2
2.500000E-1	3.608257E-5	3.608257E-5	1.399466E-10	1.254922E+2
3.000000E-1	3.884856E-5	3.884856E-5	1.506745E-10	1.256807E+2
3.500000E-1	4.166920E-5	4.166920E-5	1.616144E-10	1.258691E+2
4.000000E-1	4.613891E-5	4.613891E-5	1.789502E-10	1.260576E+2
4.500000E-1	4.893504E-5	4.893504E-5	1.897950E-10	1.262471E+2
5.000000E-1	5.156878E-5	5.156878E-5	2.000100E-10	1.264355E+2
5.000000E-1	5.194408E-5	5.194408E-5	2.014656E-10	1.266240E+2
4.500000E-1	4.725885E-5	4.725885E-5	1.832939E-10	1.268125E+2
4.000000E-1	4.278571E-5	4.278571E-5	1.659448E-10	1.270020E+2
3.500000E-1	3.987725E-5	3.987725E-5	1.546643E-10	1.271904E+2
3.000000E-1	3.603552E-5	3.603552E-5	1.397641E-10	1.273789E+2
2.500000E-1	3.180351E-5	3.180351E-5	1.233502E-10	1.275674E+2
2.000000E-1	2.900854E-5	2.900854E-5	1.125099E-10	1.277568E+2
1.500000E-1	1.674738E-5	1.674738E-5	6.495489E-11	1.286523E+2
1.000000E-1	2.163328E-5	2.163328E-5	8.390488E-11	1.292578E+2
5.000000E-2	1.851227E-5	1.851227E-5	7.180001E-11	1.305703E+2
0.000000E+0	1.408200E-5	1.408200E-5	5.461719E-11	1.314658E+2
-5.000000E-2	1.143614E-5	1.143614E-5	4.435519E-11	1.320723E+2
-1.000000E-1	9.898205E-6	9.898205E-6	3.839028E-11	1.329678E+2
-1.500000E-1	6.402107E-6	6.402107E-6	2.483063E-11	1.334912E+2
-2.000000E-1	3.116001E-6	3.116001E-6	1.208544E-11	1.340146E+2
-2.500000E-1	8.570682E-8	-8.570682E-8	-3.324147E-13	1.345381E+2
-3.000000E-1	3.383016E-6	-3.383016E-6	-1.312106E-11	1.350615E+2
-3.500000E-1	6.282251E-6	-6.282251E-6	-2.436577E-11	1.355850E+2
-4.000000E-1	9.584362E-6	-9.584362E-6	-3.717304E-11	1.361084E+2
-4.500000E-1	1.251781E-5	-1.251781E-5	-4.855043E-11	1.366318E+2
-5.000000E-1	1.432877E-5	-1.432877E-5	-5.557428E-11	1.371553E+2
-5.000000E-1	9.604200E-6	-9.604200E-6	-3.724998E-11	1.379287E+2
-4.500000E-1	1.088019E-5	-1.088019E-5	-4.219892E-11	1.388232E+2
-4.000000E-1	7.982409E-6	-7.982409E-6	-3.095985E-11	1.393467E+2
-3.500000E-1	4.748131E-6	-4.748131E-6	-1.841567E-11	1.398701E+2
-3.000000E-1	7.543223E-7	-7.543223E-7	-2.925646E-12	1.403936E+2
-2.500000E-1	1.854581E-6	1.854581E-6	7.193010E-12	1.409170E+2
-2.000000E-1	4.971384E-6	4.971384E-6	1.928156E-11	1.414404E+2
-1.500000E-1	8.342406E-6	8.342406E-6	3.235610E-11	1.419639E+2
-1.000000E-1	1.115678E-5	1.115678E-5	4.327166E-11	1.424873E+2
-5.000000E-2	1.353118E-5	1.353118E-5	5.248082E-11	1.430107E+2
0.000000E+0	1.599854E-5	1.599854E-5	6.205048E-11	1.439512E+2
0.000000E+0	1.436217E-5	1.436217E-5	5.570382E-11	1.448467E+2
5.000000E-2	1.868425E-5	1.868425E-5	7.246703E-11	1.454531E+2
1.000000E-1	1.613318E-5	1.613318E-5	6.257268E-11	1.463486E+2
1.500000E-1	2.498885E-5	2.498885E-5	9.691947E-11	1.469541E+2
2.000000E-1	2.960944E-5	2.960944E-5	1.148405E-10	1.471426E+2
2.500000E-1	3.264066E-5	3.264066E-5	1.265971E-10	1.473320E+2
3.000000E-1	3.706367E-5	3.706367E-5	1.437518E-10	1.475205E+2
3.500000E-1	3.995401E-5	3.995401E-5	1.549620E-10	1.477090E+2
4.000000E-1	4.244306E-5	4.244306E-5	1.646158E-10	1.478975E+2
4.500000E-1	4.649961E-5	4.649961E-5	1.803492E-10	1.480869E+2
5.000000E-1	4.955834E-5	4.955834E-5	1.922125E-10	1.482754E+2
5.000000E-1	4.814375E-5	4.814375E-5	1.867260E-10	1.484639E+2
4.500000E-1	4.477601E-5	4.477601E-5	1.736642E-10	1.486523E+2
4.000000E-1	4.110628E-5	4.110628E-5	1.594311E-10	1.488418E+2
3.500000E-1	3.681623E-5	3.681623E-5	1.427921E-10	1.490303E+2
3.000000E-1	3.384004E-5	3.384004E-5	1.312489E-10	1.492188E+2
2.500000E-1	3.071316E-5	3.071316E-5	1.191213E-10	1.494072E+2
2.000000E-1	2.658346E-5	2.658346E-5	1.031042E-10	1.495967E+2
1.500000E-1	1.629991E-5	1.629991E-5	6.321934E-11	1.504912E+2
1.000000E-1	1.572792E-5	1.572792E-5	6.100088E-11	1.510146E+2
5.000000E-2	1.706296E-5	1.706296E-5	6.617884E-11	1.516211E+2
0.000000E+0	1.382635E-5	1.382635E-5	5.362561E-11	1.525166E+2
-5.000000E-2	1.184737E-5	1.184737E-5	4.595015E-11	1.530400E+2
-1.000000E-1	8.856173E-6	8.856173E-6	3.434875E-11	1.535635E+2
-1.500000E-1	5.580801E-6	5.580801E-6	2.164519E-11	1.540869E+2
-2.000000E-1	2.517683E-6	2.517683E-6	9.764856E-12	1.546104E+2
-2.500000E-1	4.125649E-7	-4.125649E-7	-1.600137E-12	1.551338E+2
-3.000000E-1	3.583158E-6	-3.583158E-6	-1.389731E-11	1.556572E+2
-3.500000E-1	6.363697E-6	-6.363697E-6	-2.468166E-11	1.561807E+2
-4.000000E-1	9.499095E-6	-9.499095E-6	-3.684233E-11	1.567041E+2
-4.500000E-1	1.237818E-5	-1.237818E-5	-4.800890E-11	1.572275E+2
-5.000000E-1	1.421162E-5	-1.421162E-5	-5.511989E-11	1.577510E+2
-5.000000E-1	1.409330E-5	-1.409330E-5	-5.466101E-11	1.582744E+2
-4.500000E-1	1.159138E-5	-1.159138E-5	-4.495727E-11	1.587979E+2
-4.000000E-1	8.355839E-6	-8.355839E-6	-3.240820E-11	1.593213E+2
-3.500000E-1	4.884534E-6	-4.884534E-6	-1.894471E-11	1.598447E+2
-3.000000E-1	1.700908E-6	-1.700908E-6	-6.596987E-12	1.603682E+2
-2.500000E-1	1.357633E-6	1.357633E-6	5.265594E-12	1.608916E+2
-2.000000E-1	4.602108E-6	4.602108E-6	1.784932E-11	1.614150E+2
-1.500000E-1	7.469671E-6	7.469671E-6	2.897119E-11	1.619385E+2
-1.000000E-1	1.070083E-5	1.070083E-5	4.150328E-11	1.624619E+2
-5.000000E-2	1.210316E-5	1.210316E-5	4.694223E-11	1.630684E+2
0.000000E+0	1.428961E-5	1.428961E-5	5.542239E-11	1.639629E+2
0.000000E+0	1.421520E-5	1.421520E-5	5.513379E-11	1.644873E+2
5.000000E-2	1.514905E-5	1.514905E-5	5.875572E-11	1.650107E+2
1.000000E-1	2.103196E-5	2.103196E-5	8.157264E-11	1.656162E+2
1.500000E-1	2.598637E-5	2.598637E-5	1.007884E-10	1.658047E+2
2.000000E-1	2.854066E-5	2.854066E-5	1.106952E-10	1.659941E+2
2.500000E-1	3.196424E-5	3.196424E-5	1.239736E-10	1.661826E+2
3.000000E-1	3.604542E-5	3.604542E-5	1.398025E-10	1.663711E+2
3.500000E-1	3.823776E-5	3.823776E-5	1.483055E-10	1.665596E+2
4.000000E-1	4.130017E-5	4.130017E-5	1.601831E-10	1.667490E+2
4.500000E-1	4.531661E-5	4.531661E-5	1.757609E-10	1.669375E+2
5.000000E-1	4.745632E-5	4.745632E-5	1.840598E-10	1.671260E+2
5.000000E-1	4.672233E-5	4.672233E-5	1.812130E-10	1.673145E+2
4.500000E-1	4.363130E-5	4.363130E-5	1.692244E-10	1.675039E+2
4.000000E-1	3.924500E-5	3.924500E-5	1.522121E-10	1.676924E+2
3.500000E-1	3.559331E-5	3.559331E-5	1.380490E-10	1.678809E+2
3.000000E-1	3.319909E-5	3.319909E-5	1.287630E-10	1.680693E+2
2.500000E-1	2.912242E-5	2.912242E-5	1.129516E-10	1.682588E+2
2.000000E-1	1.691764E-5	1.691764E-5	6.561523E-11	1.691543E+2
1.500000E-1	1.638234E-5	1.638234E-5	6.353906E-11	1.696777E+2
1.000000E-1	1.935940E-5	1.935940E-5	7.508560E-11	1.702832E+2
5.000000E-2	1.459276E-5	1.459276E-5	5.659816E-11	1.711787E+2
0.000000E+0	1.308113E-5	1.308113E-5	5.073530E-11	1.717842E+2
-5.000000E-2	1.161222E-5	1.161222E-5	4.503810E-11	1.726807E+2
-1.000000E-1	8.338175E-6	8.338175E-6	3.233969E-11	1.732041E+2
-1.500000E-1	5.317579E-6	5.317579E-6	2.062428E-11	1.737275E+2
-2.000000E-1	2.276528E-6	2.276528E-6	8.829534E-12	1.742510E+2
-2.500000E-1	7.404427E-7	-7.404427E-7	-2.871814E-12	1.747744E+2
-3.000000E-1	3.491151E-6	-3.491151E-6	-1.354046E-11	1.752979E+2
-3.500000E-1	6.571599E-6	-6.571599E-6	-2.548801E-11	1.758213E+2
-4.000000E-1	9.277557E-6	-9.277557E-6	-3.598309E-11	1.763447E+2
-4.500000E-1	1.230688E-5	-1.230688E-5	-4.773235E-11	1.768682E+2
-5.000000E-1	8.214313E-6	-8.214313E-6	-3.185929E-11	1.776406E+2
-5.000000E-1	1.391397E-5	-1.391397E-5	-5.396548E-11	1.785361E+2
-4.500000E-1	1.142623E-5	-1.142623E-5	-4.431676E-11	1.790596E+2
-4.000000E-1	8.096510E-6	-8.096510E-6	-3.140239E-11	1.795830E+2
-3.500000E-1	4.921138E-6	-4.921138E-6	-1.908668E-11	1.801064E+2
-3.000000E-1	1.616296E-6	-1.616296E-6	-6.268819E-12	1.806299E+2
-2.500000E-1	1.267969E-6	1.267969E-6	4.917830E-12	1.811533E+2
-2.000000E-1	4.365721E-6	4.365721E-6	1.693249E-11	1.816768E+2
-1.500000E-1	7.326784E-6	7.326784E-6	2.841700E-11	1.822002E+2
-1.000000E-1	1.014147E-5	1.014147E-5	3.933378E-11	1.827236E+2
-5.000000E-2	1.302104E-5	1.302104E-5	5.050222E-11	1.832471E+2
0.000000E+0	1.412556E-5	1.412556E-5	5.478613E-11	1.837705E+2
