voltage_YSR_1_41E	absJ_YSR_1_41E	J_YSR_1_41E	current_YSR_1_41E	time_YSR_1_41E
0.000000E+0	6.649578E-4	-6.649578E-4	-2.579045E-9	0.000000E+0
5.000000E-2	5.250367E-4	-5.250367E-4	-2.036360E-9	1.884766E-1
1.000000E-1	3.926655E-4	-3.926655E-4	-1.522957E-9	3.769531E-1
1.500000E-1	2.652743E-4	-2.652743E-4	-1.028869E-9	5.644531E-1
2.000000E-1	1.378771E-4	-1.378771E-4	-5.347578E-10	9.765625E-1
2.500000E-1	1.438436E-5	-1.438436E-5	-5.578987E-11	1.872070E+0
3.000000E-1	1.422261E-5	1.422261E-5	5.516251E-11	2.395508E+0
3.500000E-1	6.868188E-6	6.868188E-6	2.663833E-11	2.918945E+0
4.000000E-1	3.142333E+2	3.142333E+2	1.218757E-3	4.210938E+0
4.500000E-1	4.826022E+2	4.826022E+2	1.871777E-3	4.399414E+0
5.000000E-1	5.261627E+2	5.261627E+2	2.040727E-3	4.587891E+0
5.000000E-1	5.308686E+2	5.308686E+2	2.058979E-3	4.775391E+0
4.500000E-1	4.966390E+2	4.966390E+2	1.926219E-3	4.963867E+0
4.000000E-1	3.402490E+2	3.402490E+2	1.319659E-3	5.151367E+0
3.500000E-1	1.373607E-4	1.373607E-4	5.327546E-10	5.760742E+0
3.000000E-1	3.556116E-5	3.556116E-5	1.379243E-10	5.949219E+0
2.500000E-1	7.424151E-5	-7.424151E-5	-2.879464E-10	6.137695E+0
2.000000E-1	1.414023E-4	-1.414023E-4	-5.484300E-10	6.327148E+0
1.500000E-1	1.618433E-4	-1.618433E-4	-6.277106E-10	6.515625E+0
1.000000E-1	1.834741E-4	-1.834741E-4	-7.116059E-10	6.704102E+0
5.000000E-2	4.799723E-4	-4.799723E-4	-1.861577E-9	7.280273E+0
0.000000E+0	5.824168E-4	-5.824168E-4	-2.258909E-9	7.468750E+0
-5.000000E-2	6.811857E-4	-6.811857E-4	-2.641985E-9	7.657227E+0
-1.000000E-1	7.809056E-4	-7.809056E-4	-3.028750E-9	7.844727E+0
-1.500000E-1	8.776255E-4	-8.776255E-4	-3.403879E-9	8.033203E+0
-2.000000E-1	9.731550E-4	-9.731550E-4	-3.774391E-9	8.221680E+0
-2.500000E-1	1.067141E-3	-1.067141E-3	-4.138916E-9	8.409180E+0
-3.000000E-1	1.161286E-3	-1.161286E-3	-4.504060E-9	8.597656E+0
-3.500000E-1	1.266012E-3	-1.266012E-3	-4.910238E-9	8.785156E+0
-4.000000E-1	1.378880E-3	-1.378880E-3	-5.348000E-9	8.973633E+0
-4.500000E-1	1.494594E-3	-1.494594E-3	-5.796795E-9	9.162109E+0
-5.000000E-1	1.581956E-3	-1.581956E-3	-6.135633E-9	9.349609E+0
-5.000000E-1	1.576925E-3	-1.576925E-3	-6.116117E-9	9.538086E+0
-4.500000E-1	1.466679E-3	-1.466679E-3	-5.688528E-9	9.726563E+0
-4.000000E-1	1.332364E-3	-1.332364E-3	-5.167585E-9	9.914063E+0
-3.500000E-1	1.199363E-3	-1.199363E-3	-4.651739E-9	1.010254E+1
-3.000000E-1	1.073681E-3	-1.073681E-3	-4.164280E-9	1.029102E+1
-2.500000E-1	9.634255E-4	-9.634255E-4	-3.736655E-9	1.047852E+1
-2.000000E-1	8.583895E-4	-8.583895E-4	-3.329272E-9	1.066699E+1
-1.500000E-1	7.559368E-4	-7.559368E-4	-2.931908E-9	1.085449E+1
-1.000000E-1	6.564757E-4	-6.564757E-4	-2.546147E-9	1.104297E+1
-5.000000E-2	5.579535E-4	-5.579535E-4	-2.164028E-9	1.123145E+1
0.000000E+0	4.603258E-4	-4.603258E-4	-1.785378E-9	1.141895E+1
0.000000E+0	4.662941E-4	-4.662941E-4	-1.808526E-9	1.160840E+1
5.000000E-2	3.679932E-4	-3.679932E-4	-1.427265E-9	1.179590E+1
1.000000E-1	2.723296E-4	-2.723296E-4	-1.056233E-9	1.198438E+1
1.500000E-1	1.940914E-4	-1.940914E-4	-7.527854E-10	1.278320E+1
2.000000E-1	1.037138E-4	-1.037138E-4	-4.022550E-10	1.319434E+1
2.500000E-1	1.410410E-5	-1.410410E-5	-5.470287E-11	1.408984E+1
3.000000E-1	1.406163E-5	1.406163E-5	5.453818E-11	1.461328E+1
3.500000E-1	1.392924E-4	1.392924E-4	5.402470E-10	1.594043E+1
4.000000E-1	3.597756E+2	3.597756E+2	1.395393E-3	1.651855E+1
4.500000E-1	4.944446E+2	4.944446E+2	1.917708E-3	1.670605E+1
5.000000E-1	5.376434E+2	5.376434E+2	2.085255E-3	1.689453E+1
5.000000E-1	5.421941E+2	5.421941E+2	2.102905E-3	1.708203E+1
4.500000E-1	5.079132E+2	5.079132E+2	1.969946E-3	1.727051E+1
4.000000E-1	3.834009E+2	3.834009E+2	1.487024E-3	1.745898E+1
3.500000E-1	1.171787E-4	1.171787E-4	4.544788E-10	1.806738E+1
3.000000E-1	1.383518E-5	1.383518E-5	5.365986E-11	1.896289E+1
2.500000E-1	1.474269E-5	-1.474269E-5	-5.717966E-11	1.948633E+1
2.000000E-1	1.264765E-4	-1.264765E-4	-4.905401E-10	2.009277E+1
1.500000E-1	1.476909E-4	-1.476909E-4	-5.728205E-10	2.028125E+1
1.000000E-1	1.654877E-4	-1.654877E-4	-6.418455E-10	2.046973E+1
5.000000E-2	3.561087E-4	-3.561087E-4	-1.381171E-9	2.104590E+1
0.000000E+0	4.335583E-4	-4.335583E-4	-1.681560E-9	2.123340E+1
-5.000000E-2	5.082705E-4	-5.082705E-4	-1.971332E-9	2.142187E+1
-1.000000E-1	5.822835E-4	-5.822835E-4	-2.258392E-9	2.161035E+1
-1.500000E-1	6.547949E-4	-6.547949E-4	-2.539628E-9	2.179883E+1
-2.000000E-1	7.265273E-4	-7.265273E-4	-2.817843E-9	2.198633E+1
-2.500000E-1	7.977296E-4	-7.977296E-4	-3.094002E-9	2.217480E+1
-3.000000E-1	8.716578E-4	-8.716578E-4	-3.380733E-9	2.236328E+1
-3.500000E-1	9.710086E-4	-9.710086E-4	-3.766066E-9	2.255078E+1
-4.000000E-1	1.084831E-3	-1.084831E-3	-4.207526E-9	2.273926E+1
-4.500000E-1	1.201008E-3	-1.201008E-3	-4.658122E-9	2.292676E+1
-5.000000E-1	1.319400E-3	-1.319400E-3	-5.117305E-9	2.311523E+1
-5.000000E-1	1.313167E-3	-1.313167E-3	-5.093130E-9	2.330371E+1
-4.500000E-1	1.182467E-3	-1.182467E-3	-4.586210E-9	2.349121E+1
-4.000000E-1	1.053426E-3	-1.053426E-3	-4.085723E-9	2.367969E+1
-3.500000E-1	9.250969E-4	-9.250969E-4	-3.587997E-9	2.386816E+1
-3.000000E-1	8.103670E-4	-8.103670E-4	-3.143016E-9	2.405566E+1
-2.500000E-1	7.252807E-4	-7.252807E-4	-2.813008E-9	2.424414E+1
-2.000000E-1	6.470550E-4	-6.470550E-4	-2.509609E-9	2.443164E+1
-1.500000E-1	5.701597E-4	-5.701597E-4	-2.211370E-9	2.462012E+1
-1.000000E-1	4.954458E-4	-4.954458E-4	-1.921591E-9	2.480859E+1
-5.000000E-2	4.214800E-4	-4.214800E-4	-1.634714E-9	2.499609E+1
0.000000E+0	3.483756E-4	-3.483756E-4	-1.351178E-9	2.518457E+1
0.000000E+0	3.529595E-4	-3.529595E-4	-1.368957E-9	2.537305E+1
5.000000E-2	2.789958E-4	-2.789958E-4	-1.082088E-9	2.556152E+1
1.000000E-1	1.483996E-4	-1.483996E-4	-5.755694E-10	2.597266E+1
1.500000E-1	1.489979E-4	-1.489979E-4	-5.778897E-10	2.654883E+1
2.000000E-1	8.180416E-5	-8.180416E-5	-3.172782E-10	2.695996E+1
2.500000E-1	1.397144E-5	-1.397144E-5	-5.418838E-11	2.785547E+1
3.000000E-1	1.389208E-5	1.389208E-5	5.388056E-11	2.837891E+1
3.500000E-1	1.083881E-4	1.083881E-4	4.203841E-10	2.898535E+1
4.000000E-1	3.710374E+2	3.710374E+2	1.439072E-3	2.994629E+1
4.500000E-1	5.015780E+2	5.015780E+2	1.945375E-3	3.013477E+1
5.000000E-1	5.448650E+2	5.448650E+2	2.113264E-3	3.032227E+1
5.000000E-1	5.493868E+2	5.493868E+2	2.130802E-3	3.051074E+1
4.500000E-1	5.149839E+2	5.149839E+2	1.997370E-3	3.069824E+1
4.000000E-1	3.953877E+2	3.953877E+2	1.533515E-3	3.088672E+1
3.500000E-1	8.865091E-5	8.865091E-5	3.438334E-10	3.149609E+1
3.000000E-1	1.370679E-5	1.370679E-5	5.316190E-11	3.239160E+1
2.500000E-1	1.468099E-5	-1.468099E-5	-5.694037E-11	3.291504E+1
2.000000E-1	1.977883E-5	-1.977883E-5	-7.671239E-11	3.343848E+1
1.500000E-1	1.558775E-4	-1.558775E-4	-6.045724E-10	3.443164E+1
1.000000E-1	2.101766E-4	-2.101766E-4	-8.151719E-10	3.522949E+1
5.000000E-2	2.718392E-4	-2.718392E-4	-1.054331E-9	3.541797E+1
0.000000E+0	3.303076E-4	-3.303076E-4	-1.281101E-9	3.560547E+1
-5.000000E-2	3.883288E-4	-3.883288E-4	-1.506137E-9	3.579492E+1
-1.000000E-1	4.454737E-4	-4.454737E-4	-1.727774E-9	3.598242E+1
-1.500000E-1	5.010786E-4	-5.010786E-4	-1.943438E-9	3.617090E+1
-2.000000E-1	5.572421E-4	-5.572421E-4	-2.161269E-9	3.635840E+1
-2.500000E-1	6.123827E-4	-6.123827E-4	-2.375132E-9	3.654688E+1
-3.000000E-1	6.731272E-4	-6.731272E-4	-2.610730E-9	3.673535E+1
-3.500000E-1	7.698934E-4	-7.698934E-4	-2.986039E-9	3.692285E+1
-4.000000E-1	8.844870E-4	-8.844870E-4	-3.430491E-9	3.711133E+1
-4.500000E-1	1.001478E-3	-1.001478E-3	-3.884243E-9	3.729980E+1
-5.000000E-1	1.119607E-3	-1.119607E-3	-4.342406E-9	3.748730E+1
-5.000000E-1	1.115224E-3	-1.115224E-3	-4.325407E-9	3.767578E+1
-4.500000E-1	9.889162E-4	-9.889162E-4	-3.835521E-9	3.786328E+1
-4.000000E-1	8.639427E-4	-8.639427E-4	-3.350810E-9	3.805176E+1
-3.500000E-1	7.389573E-4	-7.389573E-4	-2.866053E-9	3.824023E+1
-3.000000E-1	6.318192E-4	-6.318192E-4	-2.450517E-9	3.842773E+1
-2.500000E-1	5.633940E-4	-5.633940E-4	-2.185129E-9	3.861621E+1
-2.000000E-1	5.021834E-4	-5.021834E-4	-1.947723E-9	3.880469E+1
-1.500000E-1	4.427809E-4	-4.427809E-4	-1.717330E-9	3.899219E+1
-1.000000E-1	3.852624E-4	-3.852624E-4	-1.494244E-9	3.918066E+1
-5.000000E-2	3.281374E-4	-3.281374E-4	-1.272684E-9	3.936816E+1
0.000000E+0	2.708492E-4	-2.708492E-4	-1.050491E-9	3.955664E+1
0.000000E+0	2.748685E-4	-2.748685E-4	-1.066080E-9	3.974512E+1
5.000000E-2	1.519896E-4	-1.519896E-4	-5.894933E-10	4.015723E+1
1.000000E-1	1.690029E-4	-1.690029E-4	-6.554792E-10	4.073242E+1
1.500000E-1	1.152748E-4	-1.152748E-4	-4.470945E-10	4.114453E+1
2.000000E-1	5.841494E-5	-5.841494E-5	-2.265629E-10	4.133301E+1
2.500000E-1	1.152825E-5	-1.152825E-5	-4.471241E-11	4.222852E+1
3.000000E-1	1.386010E-5	1.386010E-5	5.375653E-11	4.275195E+1
3.500000E-1	1.456823E-5	1.456823E-5	5.650300E-11	4.327539E+1
4.000000E-1	3.693790E+2	3.693790E+2	1.432640E-3	4.423340E+1
4.500000E-1	4.953903E+2	4.953903E+2	1.921376E-3	4.442188E+1
5.000000E-1	5.392886E+2	5.392886E+2	2.091636E-3	4.460938E+1
5.000000E-1	5.443926E+2	5.443926E+2	2.111432E-3	4.479785E+1
4.500000E-1	5.105503E+2	5.105503E+2	1.980174E-3	4.498633E+1
4.000000E-1	3.964371E+2	3.964371E+2	1.537585E-3	4.517383E+1
3.500000E-1	7.339069E-5	7.339069E-5	2.846465E-10	4.578320E+1
3.000000E-1	1.364679E-5	1.364679E-5	5.292920E-11	4.667871E+1
2.500000E-1	1.424564E-5	-1.424564E-5	-5.525186E-11	4.720215E+1
2.000000E-1	1.876574E-5	-1.876574E-5	-7.278311E-11	4.772559E+1
1.500000E-1	1.251993E-4	-1.251993E-4	-4.855865E-10	4.833105E+1
1.000000E-1	1.433832E-4	-1.433832E-4	-5.561132E-10	4.851953E+1
5.000000E-2	1.545468E-4	-1.545468E-4	-5.994114E-10	4.870898E+1
0.000000E+0	2.642750E-4	-2.642750E-4	-1.024993E-9	4.928418E+1
-5.000000E-2	3.122135E-4	-3.122135E-4	-1.210923E-9	4.947363E+1
-1.000000E-1	3.580063E-4	-3.580063E-4	-1.388531E-9	4.966113E+1
-1.500000E-1	4.039072E-4	-4.039072E-4	-1.566558E-9	4.984961E+1
-2.000000E-1	4.496815E-4	-4.496815E-4	-1.744094E-9	5.003711E+1
-2.500000E-1	4.937415E-4	-4.937415E-4	-1.914981E-9	5.022559E+1
-3.000000E-1	5.444852E-4	-5.444852E-4	-2.111791E-9	5.041406E+1
-3.500000E-1	6.392206E-4	-6.392206E-4	-2.479223E-9	5.060156E+1
-4.000000E-1	7.540273E-4	-7.540273E-4	-2.924502E-9	5.079004E+1
-4.500000E-1	8.696903E-4	-8.696903E-4	-3.373102E-9	5.097754E+1
-5.000000E-1	9.877114E-4	-9.877114E-4	-3.830848E-9	5.116602E+1
-5.000000E-1	9.852456E-4	-9.852456E-4	-3.821284E-9	5.135449E+1
-4.500000E-1	8.597411E-4	-8.597411E-4	-3.334514E-9	5.154199E+1
-4.000000E-1	7.355021E-4	-7.355021E-4	-2.852652E-9	5.173047E+1
-3.500000E-1	6.138033E-4	-6.138033E-4	-2.380642E-9	5.191895E+1
-3.000000E-1	5.111840E-4	-5.111840E-4	-1.982632E-9	5.210645E+1
-2.500000E-1	4.525741E-4	-4.525741E-4	-1.755313E-9	5.229492E+1
-2.000000E-1	4.036894E-4	-4.036894E-4	-1.565713E-9	5.248242E+1
-1.500000E-1	3.567855E-4	-3.567855E-4	-1.383796E-9	5.267090E+1
-1.000000E-1	3.094637E-4	-3.094637E-4	-1.200258E-9	5.285938E+1
-5.000000E-2	2.629804E-4	-2.629804E-4	-1.019972E-9	5.304688E+1
0.000000E+0	1.545418E-4	-1.545418E-4	-5.993919E-10	5.345898E+1
0.000000E+0	2.246613E-4	-2.246613E-4	-8.713510E-10	5.403516E+1
5.000000E-2	1.444557E-4	-1.444557E-4	-5.602727E-10	5.444727E+1
1.000000E-1	1.317113E-4	-1.317113E-4	-5.108437E-10	5.463574E+1
1.500000E-1	8.927291E-5	-8.927291E-5	-3.462458E-10	5.482422E+1
2.000000E-1	4.457395E-5	-4.457395E-5	-1.728805E-10	5.501270E+1
2.500000E-1	6.894076E-6	-6.894076E-6	-2.673874E-11	5.590820E+1
3.000000E-1	1.383862E-5	1.383862E-5	5.367323E-11	5.643164E+1
3.500000E-1	1.458065E-5	1.458065E-5	5.655119E-11	5.695508E+1
4.000000E-1	3.812390E+2	3.812390E+2	1.478639E-3	5.791309E+1
4.500000E-1	4.969169E+2	4.969169E+2	1.927297E-3	5.810156E+1
5.000000E-1	5.409124E+2	5.409124E+2	2.097934E-3	5.829004E+1
5.000000E-1	5.461116E+2	5.461116E+2	2.118099E-3	5.847754E+1
4.500000E-1	5.123518E+2	5.123518E+2	1.987161E-3	5.866602E+1
4.000000E-1	4.091894E+2	4.091894E+2	1.587045E-3	5.885352E+1
3.500000E-1	5.962912E-5	5.962912E-5	2.312721E-10	5.946289E+1
3.000000E-1	1.356132E-5	1.356132E-5	5.259772E-11	6.035840E+1
2.500000E-1	1.408929E-5	-1.408929E-5	-5.464544E-11	6.088184E+1
2.000000E-1	6.190373E-5	-6.190373E-5	-2.400942E-10	6.148730E+1
1.500000E-1	1.057133E-4	-1.057133E-4	-4.100101E-10	6.167676E+1
1.000000E-1	1.359186E-4	-1.359186E-4	-5.271616E-10	6.186523E+1
5.000000E-2	1.790915E-4	-1.790915E-4	-6.946079E-10	6.244141E+1
0.000000E+0	2.126951E-4	-2.126951E-4	-8.249401E-10	6.323926E+1
-5.000000E-2	2.457316E-4	-2.457316E-4	-9.530723E-10	6.422656E+1
-1.000000E-1	2.858217E-4	-2.858217E-4	-1.108562E-9	6.441504E+1
-1.500000E-1	3.236284E-4	-3.236284E-4	-1.255196E-9	6.460254E+1
-2.000000E-1	3.620496E-4	-3.620496E-4	-1.404213E-9	6.479102E+1
-2.500000E-1	4.002424E-4	-4.002424E-4	-1.552344E-9	6.497852E+1
-3.000000E-1	4.451489E-4	-4.451489E-4	-1.726514E-9	6.516699E+1
-3.500000E-1	5.391636E-4	-5.391636E-4	-2.091151E-9	6.535547E+1
-4.000000E-1	6.554998E-4	-6.554998E-4	-2.542362E-9	6.554297E+1
-4.500000E-1	7.722740E-4	-7.722740E-4	-2.995272E-9	6.573145E+1
-5.000000E-1	8.897629E-4	-8.897629E-4	-3.450954E-9	6.591992E+1
-5.000000E-1	8.873489E-4	-8.873489E-4	-3.441591E-9	6.610742E+1
-4.500000E-1	7.655575E-4	-7.655575E-4	-2.969222E-9	6.629590E+1
-4.000000E-1	6.432945E-4	-6.432945E-4	-2.495024E-9	6.648340E+1
-3.500000E-1	5.224664E-4	-5.224664E-4	-2.026391E-9	6.667188E+1
-3.000000E-1	4.228779E-4	-4.228779E-4	-1.640136E-9	6.686035E+1
-2.500000E-1	3.720935E-4	-3.720935E-4	-1.443168E-9	6.704785E+1
-2.000000E-1	3.307160E-4	-3.307160E-4	-1.282685E-9	6.723633E+1
-1.500000E-1	2.917136E-4	-2.917136E-4	-1.131414E-9	6.742480E+1
-1.000000E-1	1.664123E-4	-1.664123E-4	-6.454317E-10	6.783594E+1
-5.000000E-2	2.214984E-4	-2.214984E-4	-8.590835E-10	6.841211E+1
0.000000E+0	1.832785E-4	-1.832785E-4	-7.108474E-10	6.920996E+1
0.000000E+0	1.834917E-4	-1.834917E-4	-7.116743E-10	7.000977E+1
5.000000E-2	1.363654E-4	-1.363654E-4	-5.288943E-10	7.042090E+1
1.000000E-1	1.078739E-4	-1.078739E-4	-4.183899E-10	7.060937E+1
1.500000E-1	7.135685E-5	-7.135685E-5	-2.767582E-10	7.079883E+1
2.000000E-1	4.099289E-5	-4.099289E-5	-1.589913E-10	7.098730E+1
2.500000E-1	3.818485E-6	-3.818485E-6	-1.481003E-11	7.188281E+1
3.000000E-1	1.381170E-5	1.381170E-5	5.356881E-11	7.240625E+1
3.500000E-1	1.454315E-5	1.454315E-5	5.640575E-11	7.292969E+1
4.000000E-1	3.785838E+2	3.785838E+2	1.468341E-3	7.388770E+1
4.500000E-1	4.816479E+2	4.816479E+2	1.868076E-3	7.407520E+1
5.000000E-1	5.260403E+2	5.260403E+2	2.040252E-3	7.426367E+1
5.000000E-1	5.316994E+2	5.316994E+2	2.062201E-3	7.445215E+1
4.500000E-1	4.985137E+2	4.985137E+2	1.933490E-3	7.463965E+1
4.000000E-1	4.108114E+2	4.108114E+2	1.593336E-3	7.482813E+1
3.500000E-1	5.117981E-5	5.117981E-5	1.985014E-10	7.543750E+1
3.000000E-1	1.349769E-5	1.349769E-5	5.235090E-11	7.633203E+1
2.500000E-1	1.383567E-5	-1.383567E-5	-5.366178E-11	7.685547E+1
2.000000E-1	4.946042E-5	-4.946042E-5	-1.918327E-10	7.746191E+1
1.500000E-1	8.551283E-5	-8.551283E-5	-3.316623E-10	7.765039E+1
1.000000E-1	1.190354E-4	-1.190354E-4	-4.616799E-10	7.783887E+1
5.000000E-2	1.456440E-4	-1.456440E-4	-5.648815E-10	7.841504E+1
0.000000E+0	1.464083E-4	-1.464083E-4	-5.678460E-10	7.882617E+1
-5.000000E-2	1.566503E-4	-1.566503E-4	-6.075698E-10	7.901562E+1
-1.000000E-1	1.669359E-4	-1.669359E-4	-6.474625E-10	7.920410E+1
-1.500000E-1	2.707481E-4	-2.707481E-4	-1.050099E-9	7.978027E+1
-2.000000E-1	3.042187E-4	-3.042187E-4	-1.179915E-9	7.996875E+1
-2.500000E-1	3.353157E-4	-3.353157E-4	-1.300525E-9	8.015625E+1
-3.000000E-1	3.761809E-4	-3.761809E-4	-1.459021E-9	8.034473E+1
-3.500000E-1	4.703281E-4	-4.703281E-4	-1.824172E-9	8.053320E+1
-4.000000E-1	5.860009E-4	-5.860009E-4	-2.272810E-9	8.072070E+1
-4.500000E-1	7.020710E-4	-7.020710E-4	-2.722989E-9	8.090918E+1
-5.000000E-1	8.204201E-4	-8.204201E-4	-3.182007E-9	8.109668E+1
-5.000000E-1	8.199189E-4	-8.199189E-4	-3.180063E-9	8.128516E+1
-4.500000E-1	6.971918E-4	-6.971918E-4	-2.704065E-9	8.147363E+1
-4.000000E-1	5.755000E-4	-5.755000E-4	-2.232082E-9	8.166113E+1
-3.500000E-1	4.566870E-4	-4.566870E-4	-1.771265E-9	8.184961E+1
-3.000000E-1	3.587022E-4	-3.587022E-4	-1.391230E-9	8.203809E+1
-2.500000E-1	3.122045E-4	-3.122045E-4	-1.210888E-9	8.222559E+1
-2.000000E-1	2.777675E-4	-2.777675E-4	-1.077324E-9	8.241406E+1
-1.500000E-1	1.668685E-4	-1.668685E-4	-6.472012E-10	8.282520E+1
-1.000000E-1	2.164816E-4	-2.164816E-4	-8.396261E-10	8.340137E+1
-5.000000E-2	1.838473E-4	-1.838473E-4	-7.130536E-10	8.420020E+1
0.000000E+0	1.390843E-4	-1.390843E-4	-5.394396E-10	8.461133E+1
0.000000E+0	1.523981E-4	-1.523981E-4	-5.910774E-10	8.518750E+1
5.000000E-2	1.202403E-4	-1.202403E-4	-4.663530E-10	8.559961E+1
1.000000E-1	8.772968E-5	-8.772968E-5	-3.402604E-10	8.578809E+1
1.500000E-1	5.626174E-5	-5.626174E-5	-2.182117E-10	8.597656E+1
2.000000E-1	1.461750E-5	-1.461750E-5	-5.669411E-11	8.687207E+1
2.500000E-1	3.528575E-6	-3.528575E-6	-1.368561E-11	8.739551E+1
3.000000E-1	1.383603E-5	1.383603E-5	5.366316E-11	8.791895E+1
3.500000E-1	5.471058E-5	5.471058E-5	2.121955E-10	8.852539E+1
4.000000E-1	4.048898E+2	4.048898E+2	1.570369E-3	8.948633E+1
4.500000E-1	4.915608E+2	4.915608E+2	1.906523E-3	8.967480E+1
5.000000E-1	5.352886E+2	5.352886E+2	2.076122E-3	8.986230E+1
5.000000E-1	5.403994E+2	5.403994E+2	2.095944E-3	9.005078E+1
4.500000E-1	5.067202E+2	5.067202E+2	1.965319E-3	9.023828E+1
4.000000E-1	4.334750E+2	4.334750E+2	1.681237E-3	9.042676E+1
3.500000E-1	4.724400E-5	4.724400E-5	1.832363E-10	9.103613E+1
3.000000E-1	1.351526E-5	1.351526E-5	5.241905E-11	9.193164E+1
2.500000E-1	9.375339E-6	-9.375339E-6	-3.636234E-11	9.245508E+1
2.000000E-1	1.623952E-5	-1.623952E-5	-6.298513E-11	9.297852E+1
1.500000E-1	6.725857E-5	-6.725857E-5	-2.608630E-10	9.358398E+1
1.000000E-1	9.744886E-5	-9.744886E-5	-3.779563E-10	9.377344E+1
5.000000E-2	1.268188E-4	-1.268188E-4	-4.918678E-10	9.396191E+1
0.000000E+0	1.401227E-4	-1.401227E-4	-5.434672E-10	9.415039E+1
-5.000000E-2	1.768386E-4	-1.768386E-4	-6.858700E-10	9.472656E+1
-1.000000E-1	2.001807E-4	-2.001807E-4	-7.764029E-10	9.552539E+1
-1.500000E-1	2.238417E-4	-2.238417E-4	-8.681722E-10	9.651172E+1
-2.000000E-1	2.472647E-4	-2.472647E-4	-9.590186E-10	9.749805E+1
-2.500000E-1	2.751433E-4	-2.751433E-4	-1.067146E-9	9.768652E+1
-3.000000E-1	3.148313E-4	-3.148313E-4	-1.221076E-9	9.787500E+1
-3.500000E-1	4.106312E-4	-4.106312E-4	-1.592637E-9	9.806250E+1
-4.000000E-1	5.253435E-4	-5.253435E-4	-2.037550E-9	9.825098E+1
-4.500000E-1	6.419004E-4	-6.419004E-4	-2.489617E-9	9.843848E+1
-5.000000E-1	7.619082E-4	-7.619082E-4	-2.955068E-9	9.862695E+1
-5.000000E-1	7.606646E-4	-7.606646E-4	-2.950245E-9	9.881543E+1
-4.500000E-1	6.385107E-4	-6.385107E-4	-2.476470E-9	9.900293E+1
-4.000000E-1	5.187900E-4	-5.187900E-4	-2.012132E-9	9.919141E+1
-3.500000E-1	4.017311E-4	-4.017311E-4	-1.558118E-9	9.937988E+1
-3.000000E-1	3.023445E-4	-3.023445E-4	-1.172646E-9	9.956738E+1
-2.500000E-1	2.592720E-4	-2.592720E-4	-1.005589E-9	9.975586E+1
-2.000000E-1	1.656758E-4	-1.656758E-4	-6.425751E-10	1.001670E+2
-1.500000E-1	2.055165E-4	-2.055165E-4	-7.970975E-10	1.009307E+2
-1.000000E-1	1.773824E-4	-1.773824E-4	-6.879795E-10	1.017295E+2
-5.000000E-2	1.392929E-4	-1.392929E-4	-5.402488E-10	1.021406E+2
0.000000E+0	1.226264E-4	-1.226264E-4	-4.756076E-10	1.023301E+2
0.000000E+0	1.256926E-4	-1.256926E-4	-4.874998E-10	1.025195E+2
5.000000E-2	9.575660E-5	-9.575660E-5	-3.713929E-10	1.027080E+2
1.000000E-1	6.872323E-5	-6.872323E-5	-2.665437E-10	1.028965E+2
1.500000E-1	4.304391E-5	-4.304391E-5	-1.669462E-10	1.030850E+2
2.000000E-1	1.420961E-5	-1.420961E-5	-5.511210E-11	1.039805E+2
2.500000E-1	1.125016E-6	1.125016E-6	4.363385E-12	1.045039E+2
3.000000E-1	1.393078E-5	1.393078E-5	5.403065E-11	1.050273E+2
3.500000E-1	5.155112E-5	5.155112E-5	1.999415E-10	1.059678E+2
4.000000E-1	4.408248E+2	4.408248E+2	1.709743E-3	1.069287E+2
4.500000E-1	5.042961E+2	5.042961E+2	1.955917E-3	1.071172E+2
5.000000E-1	5.475111E+2	5.475111E+2	2.123527E-3	1.073047E+2
5.000000E-1	5.521820E+2	5.521820E+2	2.141643E-3	1.074932E+2
4.500000E-1	5.181300E+2	5.181300E+2	2.009572E-3	1.076816E+2
4.000000E-1	4.661157E+2	4.661157E+2	1.807834E-3	1.078691E+2
3.500000E-1	4.639713E-5	4.639713E-5	1.799517E-10	1.084785E+2
3.000000E-1	1.734554E-5	1.734554E-5	6.727485E-11	1.094561E+2
2.500000E-1	6.115197E-6	-6.115197E-6	-2.371785E-11	1.103516E+2
2.000000E-1	1.519204E-5	-1.519204E-5	-5.892248E-11	1.108750E+2
1.500000E-1	5.368653E-5	-5.368653E-5	-2.082237E-10	1.114814E+2
1.000000E-1	8.067019E-5	-8.067019E-5	-3.128801E-10	1.116699E+2
5.000000E-2	1.057101E-4	-1.057101E-4	-4.099977E-10	1.118584E+2
0.000000E+0	1.293546E-4	-1.293546E-4	-5.017029E-10	1.120469E+2
-5.000000E-2	1.412266E-4	-1.412266E-4	-5.477486E-10	1.122363E+2
-1.000000E-1	1.505682E-4	-1.505682E-4	-5.839802E-10	1.124248E+2
-1.500000E-1	1.961765E-4	-1.961765E-4	-7.608723E-10	1.130010E+2
-2.000000E-1	1.635354E-4	-1.635354E-4	-6.342735E-10	1.134121E+2
-2.500000E-1	2.390386E-4	-2.390386E-4	-9.271135E-10	1.141758E+2
-3.000000E-1	2.762685E-4	-2.762685E-4	-1.071510E-9	1.143643E+2
-3.500000E-1	3.720344E-4	-3.720344E-4	-1.442939E-9	1.145518E+2
-4.000000E-1	4.885942E-4	-4.885942E-4	-1.895017E-9	1.147402E+2
-4.500000E-1	6.049100E-4	-6.049100E-4	-2.346149E-9	1.149287E+2
-5.000000E-1	7.229329E-4	-7.229329E-4	-2.803902E-9	1.151162E+2
-5.000000E-1	7.230680E-4	-7.230680E-4	-2.804426E-9	1.153047E+2
-4.500000E-1	6.023301E-4	-6.023301E-4	-2.336143E-9	1.154932E+2
-4.000000E-1	4.820112E-4	-4.820112E-4	-1.869485E-9	1.156807E+2
-3.500000E-1	3.642582E-4	-3.642582E-4	-1.412779E-9	1.158691E+2
-3.000000E-1	2.668128E-4	-2.668128E-4	-1.034836E-9	1.160566E+2
-2.500000E-1	2.265341E-4	-2.265341E-4	-8.786145E-10	1.170439E+2
-2.000000E-1	1.579237E-4	-1.579237E-4	-6.125085E-10	1.174551E+2
-1.500000E-1	1.510262E-4	-1.510262E-4	-5.857566E-10	1.176436E+2
-1.000000E-1	1.407112E-4	-1.407112E-4	-5.457499E-10	1.178330E+2
-5.000000E-2	1.273458E-4	-1.273458E-4	-4.939120E-10	1.180215E+2
0.000000E+0	1.046287E-4	-1.046287E-4	-4.058035E-10	1.182100E+2
0.000000E+0	1.051414E-4	-1.051414E-4	-4.077920E-10	1.183994E+2
5.000000E-2	8.013290E-5	-8.013290E-5	-3.107962E-10	1.185879E+2
1.000000E-1	5.762394E-5	-5.762394E-5	-2.234950E-10	1.187764E+2
1.500000E-1	4.095880E-5	-4.095880E-5	-1.588591E-10	1.189658E+2
2.000000E-1	1.372223E-5	-1.372223E-5	-5.322180E-11	1.198613E+2
2.500000E-1	3.129478E-6	3.129478E-6	1.213771E-11	1.203848E+2
3.000000E-1	1.396162E-5	1.396162E-5	5.415028E-11	1.209082E+2
3.500000E-1	4.856760E-5	4.856760E-5	1.883699E-10	1.215137E+2
4.000000E-1	4.668788E+2	4.668788E+2	1.810794E-3	1.224756E+2
4.500000E-1	5.187343E+2	5.187343E+2	2.011916E-3	1.226631E+2
5.000000E-1	5.617895E+2	5.617895E+2	2.178906E-3	1.228516E+2
5.000000E-1	5.662425E+2	5.662425E+2	2.196177E-3	1.230391E+2
4.500000E-1	5.319664E+2	5.319664E+2	2.063237E-3	1.232275E+2
4.000000E-1	4.896407E+2	4.896407E+2	1.899076E-3	1.234160E+2
3.500000E-1	4.826127E-5	4.826127E-5	1.871818E-10	1.240244E+2
3.000000E-1	1.365243E-5	1.365243E-5	5.295109E-11	1.249199E+2
2.500000E-1	2.042959E-6	-2.042959E-6	-7.923634E-12	1.254434E+2
2.000000E-1	1.471799E-5	-1.471799E-5	-5.708385E-11	1.259668E+2
1.500000E-1	4.648564E-5	-4.648564E-5	-1.802950E-10	1.265732E+2
1.000000E-1	7.084397E-5	-7.084397E-5	-2.747690E-10	1.267617E+2
5.000000E-2	9.360594E-5	-9.360594E-5	-3.630515E-10	1.269502E+2
0.000000E+0	1.153042E-4	-1.153042E-4	-4.472085E-10	1.271387E+2
-5.000000E-2	1.339040E-4	-1.339040E-4	-5.193478E-10	1.273281E+2
-1.000000E-1	1.441911E-4	-1.441911E-4	-5.592466E-10	1.275176E+2
-1.500000E-1	1.747817E-4	-1.747817E-4	-6.778924E-10	1.280928E+2
-2.000000E-1	1.574352E-4	-1.574352E-4	-6.106140E-10	1.285049E+2
-2.500000E-1	2.146485E-4	-2.146485E-4	-8.325163E-10	1.292686E+2
-3.000000E-1	1.683795E-4	-1.683795E-4	-6.530614E-10	1.296797E+2
-3.500000E-1	1.701777E-4	-1.701777E-4	-6.600358E-10	1.298682E+2
-4.000000E-1	4.602861E-4	-4.602861E-4	-1.785224E-9	1.306377E+2
-4.500000E-1	5.772573E-4	-5.772573E-4	-2.238898E-9	1.308262E+2
-5.000000E-1	6.971364E-4	-6.971364E-4	-2.703850E-9	1.310137E+2
-5.000000E-1	6.957539E-4	-6.957539E-4	-2.698488E-9	1.312021E+2
-4.500000E-1	5.747945E-4	-5.747945E-4	-2.229346E-9	1.313906E+2
-4.000000E-1	4.558586E-4	-4.558586E-4	-1.768052E-9	1.315781E+2
-3.500000E-1	3.390756E-4	-3.390756E-4	-1.315108E-9	1.317666E+2
-3.000000E-1	2.391192E-4	-2.391192E-4	-9.274261E-10	1.327529E+2
-2.500000E-1	1.590319E-4	-1.590319E-4	-6.168066E-10	1.331641E+2
-2.000000E-1	1.526136E-4	-1.526136E-4	-5.919132E-10	1.333535E+2
-1.500000E-1	1.428918E-4	-1.428918E-4	-5.542071E-10	1.335420E+2
-1.000000E-1	1.319138E-4	-1.319138E-4	-5.116289E-10	1.337305E+2
-5.000000E-2	1.134274E-4	-1.134274E-4	-4.399294E-10	1.339199E+2
0.000000E+0	8.976340E-5	-8.976340E-5	-3.481482E-10	1.341084E+2
0.000000E+0	9.181579E-5	-9.181579E-5	-3.561084E-10	1.342979E+2
5.000000E-2	7.083085E-5	-7.083085E-5	-2.747181E-10	1.344863E+2
1.000000E-1	5.477406E-5	-5.477406E-5	-2.124417E-10	1.346748E+2
1.500000E-1	2.727746E-5	-2.727746E-5	-1.057959E-10	1.348633E+2
2.000000E-1	1.109378E-5	-1.109378E-5	-4.302733E-11	1.357588E+2
2.500000E-1	5.419038E-6	5.419038E-6	2.101779E-11	1.362822E+2
3.000000E-1	2.611209E-5	2.611209E-5	1.012760E-10	1.368887E+2
3.500000E-1	4.590954E-5	4.590954E-5	1.780606E-10	1.370771E+2
4.000000E-1	4.754115E+2	4.754115E+2	1.843888E-3	1.380381E+2
4.500000E-1	5.232298E+2	5.232298E+2	2.029352E-3	1.382266E+2
5.000000E-1	5.664571E+2	5.664571E+2	2.197009E-3	1.384141E+2
5.000000E-1	5.711163E+2	5.711163E+2	2.215080E-3	1.386025E+2
4.500000E-1	5.369682E+2	5.369682E+2	2.082636E-3	1.387910E+2
4.000000E-1	4.984007E+2	4.984007E+2	1.933052E-3	1.389785E+2
3.500000E-1	4.744336E-5	4.744336E-5	1.840095E-10	1.395879E+2
3.000000E-1	1.368839E-5	1.368839E-5	5.309056E-11	1.404834E+2
2.500000E-1	3.299260E-6	-3.299260E-6	-1.279621E-11	1.410068E+2
2.000000E-1	1.435495E-5	-1.435495E-5	-5.567581E-11	1.415303E+2
1.500000E-1	1.705608E-5	-1.705608E-5	-6.615217E-11	1.420537E+2
1.000000E-1	1.994240E-5	-1.994240E-5	-7.734680E-11	1.425771E+2
5.000000E-2	7.977596E-5	-7.977596E-5	-3.094118E-10	1.431826E+2
0.000000E+0	1.022980E-4	-1.022980E-4	-3.967638E-10	1.433721E+2
-5.000000E-2	1.227525E-4	-1.227525E-4	-4.760966E-10	1.435605E+2
-1.000000E-1	1.380437E-4	-1.380437E-4	-5.354037E-10	1.441367E+2
-1.500000E-1	1.437075E-4	-1.437075E-4	-5.573710E-10	1.445488E+2
-2.000000E-1	1.524033E-4	-1.524033E-4	-5.910978E-10	1.447373E+2
-2.500000E-1	1.610274E-4	-1.610274E-4	-6.245464E-10	1.449258E+2
-3.000000E-1	2.288609E-4	-2.288609E-4	-8.876393E-10	1.456895E+2
-3.500000E-1	3.246982E-4	-3.246982E-4	-1.259345E-9	1.458779E+2
-4.000000E-1	4.400064E-4	-4.400064E-4	-1.706569E-9	1.460654E+2
-4.500000E-1	5.577209E-4	-5.577209E-4	-2.163126E-9	1.462539E+2
-5.000000E-1	6.766107E-4	-6.766107E-4	-2.624241E-9	1.464414E+2
-5.000000E-1	6.750059E-4	-6.750059E-4	-2.618017E-9	1.466299E+2
-4.500000E-1	5.547933E-4	-5.547933E-4	-2.151771E-9	1.468184E+2
-4.000000E-1	4.370983E-4	-4.370983E-4	-1.695290E-9	1.470059E+2
-3.500000E-1	3.193237E-4	-3.193237E-4	-1.238500E-9	1.471943E+2
-3.000000E-1	1.600812E-4	-1.600812E-4	-6.208765E-10	1.476055E+2
-2.500000E-1	1.557785E-4	-1.557785E-4	-6.041883E-10	1.477949E+2
-2.000000E-1	1.642662E-4	-1.642662E-4	-6.371081E-10	1.485586E+2
-1.500000E-1	1.434456E-4	-1.434456E-4	-5.563550E-10	1.493564E+2
-1.000000E-1	1.231472E-4	-1.231472E-4	-4.776275E-10	1.497686E+2
-5.000000E-2	1.021933E-4	-1.021933E-4	-3.963576E-10	1.499570E+2
0.000000E+0	8.207842E-5	-8.207842E-5	-3.183419E-10	1.501455E+2
