voltage_YSR_1_40E	absJ_YSR_1_40E	J_YSR_1_40E	current_YSR_1_40E	time_YSR_1_40E
0.000000E+0	3.636449E-5	-3.636449E-5	-1.410400E-10	0.000000E+0
5.000000E-2	4.231466E-5	4.231466E-5	1.641178E-10	1.894531E-1
1.000000E-1	1.154046E-4	1.154046E-4	4.475978E-10	3.779297E-1
1.500000E-1	1.782936E-4	1.782936E-4	6.915135E-10	9.541016E-1
2.000000E-1	2.444295E-4	2.444295E-4	9.480221E-10	1.751953E+0
2.500000E-1	3.193325E-4	3.193325E-4	1.238534E-9	1.940430E+0
3.000000E-1	3.919851E-4	3.919851E-4	1.520318E-9	2.128906E+0
3.500000E-1	4.634716E-4	4.634716E-4	1.797579E-9	2.316406E+0
4.000000E-1	5.335289E-4	5.335289E-4	2.069297E-9	2.504883E+0
4.500000E-1	6.020926E-4	6.020926E-4	2.335222E-9	2.692383E+0
5.000000E-1	6.710253E-4	6.710253E-4	2.602578E-9	2.880859E+0
5.000000E-1	6.630426E-4	6.630426E-4	2.571617E-9	3.069336E+0
4.500000E-1	5.800878E-4	5.800878E-4	2.249876E-9	3.256836E+0
4.000000E-1	5.025356E-4	5.025356E-4	1.949089E-9	3.445313E+0
3.500000E-1	4.282127E-4	4.282127E-4	1.660827E-9	3.633789E+0
3.000000E-1	3.544181E-4	3.544181E-4	1.374614E-9	3.821289E+0
2.500000E-1	2.812949E-4	2.812949E-4	1.091005E-9	4.009766E+0
2.000000E-1	1.673421E-4	1.673421E-4	6.490378E-10	4.420898E+0
1.500000E-1	1.429688E-4	1.429688E-4	5.545060E-10	4.610352E+0
1.000000E-1	7.002631E-5	7.002631E-5	2.715977E-10	4.798828E+0
5.000000E-2	9.302909E-6	9.302909E-6	3.608142E-11	5.694336E+0
0.000000E+0	1.700588E-5	-1.700588E-5	-6.595745E-11	6.217773E+0
-5.000000E-2	1.088079E-4	-1.088079E-4	-4.220123E-10	6.824219E+0
-1.000000E-1	1.635598E-4	-1.635598E-4	-6.343682E-10	7.012695E+0
-1.500000E-1	1.820945E-4	-1.820945E-4	-7.062552E-10	7.201172E+0
-2.000000E-1	3.229403E-4	-3.229403E-4	-1.252527E-9	7.777344E+0
-2.500000E-1	3.927836E-4	-3.927836E-4	-1.523415E-9	7.965820E+0
-3.000000E-1	4.600022E-4	-4.600022E-4	-1.784123E-9	8.153320E+0
-3.500000E-1	5.269112E-4	-5.269112E-4	-2.043630E-9	8.341797E+0
-4.000000E-1	5.929556E-4	-5.929556E-4	-2.299784E-9	8.529297E+0
-4.500000E-1	6.578223E-4	-6.578223E-4	-2.551370E-9	8.717773E+0
-5.000000E-1	7.229736E-4	-7.229736E-4	-2.804060E-9	8.906250E+0
-5.000000E-1	7.143889E-4	-7.143889E-4	-2.770764E-9	9.093750E+0
-4.500000E-1	6.347400E-4	-6.347400E-4	-2.461845E-9	9.282227E+0
-4.000000E-1	5.593633E-4	-5.593633E-4	-2.169496E-9	9.470703E+0
-3.500000E-1	4.867473E-4	-4.867473E-4	-1.887854E-9	9.658203E+0
-3.000000E-1	4.150677E-4	-4.150677E-4	-1.609844E-9	9.846680E+0
-2.500000E-1	3.438849E-4	-3.438849E-4	-1.333761E-9	1.003418E+1
-2.000000E-1	2.745214E-4	-2.745214E-4	-1.064734E-9	1.022266E+1
-1.500000E-1	1.674628E-4	-1.674628E-4	-6.495059E-10	1.063477E+1
-1.000000E-1	1.418065E-4	-1.418065E-4	-5.499979E-10	1.082324E+1
-5.000000E-2	7.308777E-5	-7.308777E-5	-2.834716E-10	1.101172E+1
0.000000E+0	1.348159E-5	-1.348159E-5	-5.228847E-11	1.190723E+1
0.000000E+0	1.486265E-5	-1.486265E-5	-5.764494E-11	1.243164E+1
5.000000E-2	1.649556E-5	1.649556E-5	6.397817E-11	1.295508E+1
1.000000E-1	1.900323E-5	1.900323E-5	7.370421E-11	1.347852E+1
1.500000E-1	1.719993E-4	1.719993E-4	6.671010E-10	1.447070E+1
2.000000E-1	2.330356E-4	2.330356E-4	9.038308E-10	1.526953E+1
2.500000E-1	3.019361E-4	3.019361E-4	1.171062E-9	1.545801E+1
3.000000E-1	3.679362E-4	3.679362E-4	1.427044E-9	1.564551E+1
3.500000E-1	4.335230E-4	4.335230E-4	1.681423E-9	1.583398E+1
4.000000E-1	4.976505E-4	4.976505E-4	1.930142E-9	1.602246E+1
4.500000E-1	5.608729E-4	5.608729E-4	2.175351E-9	1.620996E+1
5.000000E-1	6.240678E-4	6.240678E-4	2.420453E-9	1.639844E+1
5.000000E-1	6.166366E-4	6.166366E-4	2.391631E-9	1.658594E+1
4.500000E-1	5.406685E-4	5.406685E-4	2.096988E-9	1.677441E+1
4.000000E-1	4.690286E-4	4.690286E-4	1.819132E-9	1.696289E+1
3.500000E-1	3.998675E-4	3.998675E-4	1.550890E-9	1.715039E+1
3.000000E-1	3.314992E-4	3.314992E-4	1.285723E-9	1.733887E+1
2.500000E-1	2.639898E-4	2.639898E-4	1.023887E-9	1.752734E+1
2.000000E-1	1.641363E-4	1.641363E-4	6.366041E-10	1.793848E+1
1.500000E-1	1.372505E-4	1.372505E-4	5.323275E-10	1.812695E+1
1.000000E-1	6.917835E-5	6.917835E-5	2.683089E-10	1.831641E+1
5.000000E-2	1.283022E-5	1.283022E-5	4.976212E-11	1.921094E+1
0.000000E+0	1.675041E-5	-1.675041E-5	-6.496663E-11	1.973438E+1
-5.000000E-2	9.732038E-5	-9.732038E-5	-3.774580E-10	2.034082E+1
-1.000000E-1	1.581729E-4	-1.581729E-4	-6.134752E-10	2.053027E+1
-1.500000E-1	1.770300E-4	-1.770300E-4	-6.866127E-10	2.071875E+1
-2.000000E-1	2.989280E-4	-2.989280E-4	-1.159395E-9	2.129395E+1
-2.500000E-1	3.651150E-4	-3.651150E-4	-1.416102E-9	2.148242E+1
-3.000000E-1	4.285267E-4	-4.285267E-4	-1.662045E-9	2.167090E+1
-3.500000E-1	4.915674E-4	-4.915674E-4	-1.906549E-9	2.185840E+1
-4.000000E-1	5.542245E-4	-5.542245E-4	-2.149565E-9	2.204687E+1
-4.500000E-1	6.155377E-4	-6.155377E-4	-2.387369E-9	2.223535E+1
-5.000000E-1	6.769748E-4	-6.769748E-4	-2.625653E-9	2.242285E+1
-5.000000E-1	6.690807E-4	-6.690807E-4	-2.595036E-9	2.261133E+1
-4.500000E-1	5.942765E-4	-5.942765E-4	-2.304907E-9	2.279883E+1
-4.000000E-1	5.233846E-4	-5.233846E-4	-2.029952E-9	2.298730E+1
-3.500000E-1	4.549294E-4	-4.549294E-4	-1.764448E-9	2.317578E+1
-3.000000E-1	3.877703E-4	-3.877703E-4	-1.503971E-9	2.336328E+1
-2.500000E-1	3.207402E-4	-3.207402E-4	-1.243994E-9	2.355176E+1
-2.000000E-1	1.812355E-4	-1.812355E-4	-7.029236E-10	2.396289E+1
-1.500000E-1	1.642319E-4	-1.642319E-4	-6.369750E-10	2.415234E+1
-1.000000E-1	1.303056E-4	-1.303056E-4	-5.053917E-10	2.434082E+1
-5.000000E-2	6.590581E-5	-6.590581E-5	-2.556163E-10	2.452930E+1
0.000000E+0	9.922910E-6	-9.922910E-6	-3.848610E-11	2.542480E+1
0.000000E+0	1.199024E-5	-1.199024E-5	-4.650427E-11	2.594922E+1
5.000000E-2	1.652012E-5	1.652012E-5	6.407343E-11	2.647266E+1
1.000000E-1	1.898074E-5	1.898074E-5	7.361699E-11	2.699609E+1
1.500000E-1	1.652219E-4	1.652219E-4	6.408145E-10	2.798828E+1
2.000000E-1	2.222268E-4	2.222268E-4	8.619088E-10	2.878711E+1
2.500000E-1	2.872701E-4	2.872701E-4	1.114180E-9	2.897559E+1
3.000000E-1	3.492772E-4	3.492772E-4	1.354675E-9	2.916309E+1
3.500000E-1	4.109385E-4	4.109385E-4	1.593829E-9	2.935156E+1
4.000000E-1	4.714749E-4	4.714749E-4	1.828620E-9	2.954004E+1
4.500000E-1	5.311773E-4	5.311773E-4	2.060176E-9	2.972754E+1
5.000000E-1	5.909015E-4	5.909015E-4	2.291817E-9	2.991602E+1
5.000000E-1	5.841280E-4	5.841280E-4	2.265546E-9	3.010352E+1
4.500000E-1	5.126779E-4	5.126779E-4	1.988426E-9	3.029199E+1
4.000000E-1	4.451965E-4	4.451965E-4	1.726699E-9	3.048047E+1
3.500000E-1	3.800360E-4	3.800360E-4	1.473973E-9	3.066797E+1
3.000000E-1	3.156581E-4	3.156581E-4	1.224283E-9	3.085645E+1
2.500000E-1	2.589404E-4	2.589404E-4	1.004303E-9	3.165527E+1
2.000000E-1	1.623353E-4	1.623353E-4	6.296189E-10	3.206641E+1
1.500000E-1	1.329560E-4	1.329560E-4	5.156711E-10	3.225488E+1
1.000000E-1	6.835727E-5	6.835727E-5	2.651243E-10	3.244336E+1
5.000000E-2	1.327738E-5	1.327738E-5	5.149643E-11	3.333887E+1
0.000000E+0	3.568154E-5	-3.568154E-5	-1.383912E-10	3.394531E+1
-5.000000E-2	1.074468E-4	-1.074468E-4	-4.167333E-10	3.413379E+1
-1.000000E-1	1.545330E-4	-1.545330E-4	-5.993578E-10	3.432324E+1
-1.500000E-1	2.201003E-4	-2.201003E-4	-8.536611E-10	3.489844E+1
-2.000000E-1	2.834566E-4	-2.834566E-4	-1.099389E-9	3.508691E+1
-2.500000E-1	3.431548E-4	-3.431548E-4	-1.330929E-9	3.527441E+1
-3.000000E-1	4.029610E-4	-4.029610E-4	-1.562888E-9	3.546289E+1
-3.500000E-1	4.621028E-4	-4.621028E-4	-1.792270E-9	3.565137E+1
-4.000000E-1	5.194949E-4	-5.194949E-4	-2.014866E-9	3.583887E+1
-4.500000E-1	5.745756E-4	-5.745756E-4	-2.228497E-9	3.602734E+1
-5.000000E-1	6.296648E-4	-6.296648E-4	-2.442161E-9	3.621582E+1
-5.000000E-1	6.196471E-4	-6.196471E-4	-2.403307E-9	3.640332E+1
-4.500000E-1	5.625903E-4	-5.625903E-4	-2.182012E-9	3.659180E+1
-4.000000E-1	4.925585E-4	-4.925585E-4	-1.910393E-9	3.677930E+1
-3.500000E-1	4.254356E-4	-4.254356E-4	-1.650056E-9	3.696777E+1
-3.000000E-1	3.619383E-4	-3.619383E-4	-1.403781E-9	3.715625E+1
-2.500000E-1	3.007937E-4	-3.007937E-4	-1.166631E-9	3.734375E+1
-2.000000E-1	1.775215E-4	-1.775215E-4	-6.885189E-10	3.775586E+1
-1.500000E-1	1.860760E-4	-1.860760E-4	-7.216974E-10	3.833105E+1
-1.000000E-1	1.263399E-4	-1.263399E-4	-4.900104E-10	3.874316E+1
-5.000000E-2	6.406103E-5	-6.406103E-5	-2.484613E-10	3.893164E+1
0.000000E+0	9.782745E-6	-9.782745E-6	-3.794247E-11	3.982715E+1
0.000000E+0	1.094038E-5	-1.094038E-5	-4.243235E-11	4.035156E+1
5.000000E-2	1.644407E-5	1.644407E-5	6.377848E-11	4.087500E+1
1.000000E-1	1.887306E-5	1.887306E-5	7.319934E-11	4.139844E+1
1.500000E-1	1.561567E-4	1.561567E-4	6.056551E-10	4.239063E+1
2.000000E-1	2.102437E-4	2.102437E-4	8.154322E-10	4.318945E+1
2.500000E-1	2.720963E-4	2.720963E-4	1.055328E-9	4.337793E+1
3.000000E-1	3.306064E-4	3.306064E-4	1.282260E-9	4.356543E+1
3.500000E-1	3.887687E-4	3.887687E-4	1.507843E-9	4.375391E+1
4.000000E-1	4.462410E-4	4.462410E-4	1.730750E-9	4.394238E+1
4.500000E-1	5.022899E-4	5.022899E-4	1.948136E-9	4.412988E+1
5.000000E-1	5.581041E-4	5.581041E-4	2.164612E-9	4.431836E+1
5.000000E-1	5.512997E-4	5.512997E-4	2.138221E-9	4.450586E+1
4.500000E-1	4.834901E-4	4.834901E-4	1.875221E-9	4.469434E+1
4.000000E-1	4.194289E-4	4.194289E-4	1.626759E-9	4.488281E+1
3.500000E-1	3.576614E-4	3.576614E-4	1.387193E-9	4.507031E+1
3.000000E-1	2.974766E-4	2.974766E-4	1.153766E-9	4.525879E+1
2.500000E-1	2.443819E-4	2.443819E-4	9.478374E-10	4.605762E+1
2.000000E-1	1.589354E-4	1.589354E-4	6.164325E-10	4.646875E+1
1.500000E-1	1.260763E-4	1.260763E-4	4.889880E-10	4.665723E+1
1.000000E-1	6.521645E-5	6.521645E-5	2.529426E-10	4.684668E+1
5.000000E-2	1.340858E-5	1.340858E-5	5.200532E-11	4.774219E+1
0.000000E+0	3.038232E-5	-3.038232E-5	-1.178381E-10	4.834766E+1
-5.000000E-2	1.006671E-4	-1.006671E-4	-3.904382E-10	4.853711E+1
-1.000000E-1	1.508643E-4	-1.508643E-4	-5.851287E-10	4.872559E+1
-1.500000E-1	2.071598E-4	-2.071598E-4	-8.034711E-10	4.930176E+1
-2.000000E-1	2.665008E-4	-2.665008E-4	-1.033626E-9	4.948926E+1
-2.500000E-1	3.232613E-4	-3.232613E-4	-1.253772E-9	4.967773E+1
-3.000000E-1	3.799264E-4	-3.799264E-4	-1.473548E-9	4.986523E+1
-3.500000E-1	4.359332E-4	-4.359332E-4	-1.690771E-9	5.005371E+1
-4.000000E-1	4.907223E-4	-4.907223E-4	-1.903271E-9	5.024219E+1
-4.500000E-1	5.454954E-4	-5.454954E-4	-2.115709E-9	5.042969E+1
-5.000000E-1	6.008440E-4	-6.008440E-4	-2.330379E-9	5.061816E+1
-5.000000E-1	5.927300E-4	-5.927300E-4	-2.298909E-9	5.080664E+1
-4.500000E-1	5.258417E-4	-5.258417E-4	-2.039482E-9	5.099414E+1
-4.000000E-1	4.633801E-4	-4.633801E-4	-1.797224E-9	5.118262E+1
-3.500000E-1	4.027380E-4	-4.027380E-4	-1.562023E-9	5.137012E+1
-3.000000E-1	3.424114E-4	-3.424114E-4	-1.328046E-9	5.155859E+1
-2.500000E-1	2.834083E-4	-2.834083E-4	-1.099202E-9	5.174707E+1
-2.000000E-1	1.742286E-4	-1.742286E-4	-6.757473E-10	5.215820E+1
-1.500000E-1	1.563873E-4	-1.563873E-4	-6.065496E-10	5.234668E+1
-1.000000E-1	1.152405E-4	-1.152405E-4	-4.469614E-10	5.253613E+1
-5.000000E-2	5.601662E-5	-5.601662E-5	-2.172610E-10	5.272461E+1
0.000000E+0	5.973955E-6	-5.973955E-6	-2.317004E-11	5.362012E+1
0.000000E+0	1.074328E-5	-1.074328E-5	-4.166791E-11	5.414355E+1
5.000000E-2	1.644109E-5	1.644109E-5	6.376692E-11	5.466699E+1
1.000000E-1	9.806585E-5	9.806585E-5	3.803493E-10	5.527344E+1
1.500000E-1	1.494618E-4	1.494618E-4	5.796892E-10	5.546191E+1
2.000000E-1	1.687512E-4	1.687512E-4	6.545030E-10	5.565039E+1
2.500000E-1	2.618856E-4	2.618856E-4	1.015726E-9	5.622656E+1
3.000000E-1	3.201632E-4	3.201632E-4	1.241756E-9	5.641504E+1
3.500000E-1	3.751114E-4	3.751114E-4	1.454873E-9	5.660254E+1
4.000000E-1	4.298216E-4	4.298216E-4	1.667067E-9	5.679102E+1
4.500000E-1	4.846635E-4	4.846635E-4	1.879772E-9	5.697852E+1
5.000000E-1	5.381884E-4	5.381884E-4	2.087369E-9	5.716699E+1
5.000000E-1	5.305752E-4	5.305752E-4	2.057841E-9	5.735547E+1
4.500000E-1	4.663152E-4	4.663152E-4	1.808608E-9	5.754297E+1
4.000000E-1	4.054787E-4	4.054787E-4	1.572653E-9	5.773145E+1
3.500000E-1	3.454342E-4	3.454342E-4	1.339770E-9	5.791895E+1
3.000000E-1	2.867957E-4	2.867957E-4	1.112340E-9	5.810742E+1
2.500000E-1	1.746787E-4	1.746787E-4	6.774931E-10	5.851953E+1
2.000000E-1	1.795398E-4	1.795398E-4	6.963470E-10	5.909473E+1
1.500000E-1	1.241569E-4	1.241569E-4	4.815436E-10	5.950684E+1
1.000000E-1	6.564594E-5	6.564594E-5	2.546084E-10	5.969531E+1
5.000000E-2	1.501869E-5	1.501869E-5	5.825015E-11	6.059082E+1
0.000000E+0	1.632915E-5	-1.632915E-5	-6.333277E-11	6.111426E+1
-5.000000E-2	8.389169E-5	-8.389169E-5	-3.253747E-10	6.172070E+1
-1.000000E-1	1.462794E-4	-1.462794E-4	-5.673461E-10	6.190918E+1
-1.500000E-1	1.657614E-4	-1.657614E-4	-6.429072E-10	6.209766E+1
-2.000000E-1	2.456118E-4	-2.456118E-4	-9.526078E-10	6.286133E+1
-2.500000E-1	3.017280E-4	-3.017280E-4	-1.170255E-9	6.304980E+1
-3.000000E-1	3.567419E-4	-3.567419E-4	-1.383627E-9	6.323828E+1
-3.500000E-1	4.108004E-4	-4.108004E-4	-1.593293E-9	6.342578E+1
-4.000000E-1	4.630648E-4	-4.630648E-4	-1.796001E-9	6.361426E+1
-4.500000E-1	5.152002E-4	-5.152002E-4	-1.998209E-9	6.380176E+1
-5.000000E-1	5.679133E-4	-5.679133E-4	-2.202657E-9	6.399023E+1
-5.000000E-1	5.605303E-4	-5.605303E-4	-2.174022E-9	6.417871E+1
-4.500000E-1	4.965601E-4	-4.965601E-4	-1.925913E-9	6.436621E+1
-4.000000E-1	4.375462E-4	-4.375462E-4	-1.697027E-9	6.455469E+1
-3.500000E-1	3.800849E-4	-3.800849E-4	-1.474163E-9	6.474316E+1
-3.000000E-1	3.224414E-4	-3.224414E-4	-1.250592E-9	6.493066E+1
-2.500000E-1	2.662023E-4	-2.662023E-4	-1.032468E-9	6.511914E+1
-2.000000E-1	1.703831E-4	-1.703831E-4	-6.608326E-10	6.553027E+1
-1.500000E-1	1.522459E-4	-1.522459E-4	-5.904871E-10	6.571973E+1
-1.000000E-1	1.067985E-4	-1.067985E-4	-4.142191E-10	6.590820E+1
-5.000000E-2	5.097618E-5	-5.097618E-5	-1.977116E-10	6.609668E+1
0.000000E+0	4.029731E-6	-4.029731E-6	-1.562935E-11	6.699219E+1
0.000000E+0	8.692971E-6	-8.692971E-6	-3.371577E-11	6.751660E+1
5.000000E-2	1.642927E-5	1.642927E-5	6.372109E-11	6.804004E+1
1.000000E-1	9.429372E-5	9.429372E-5	3.657191E-10	6.864551E+1
1.500000E-1	1.465621E-4	1.465621E-4	5.684426E-10	6.883398E+1
2.000000E-1	1.659190E-4	1.659190E-4	6.435184E-10	6.902344E+1
2.500000E-1	2.493956E-4	2.493956E-4	9.672831E-10	6.959863E+1
3.000000E-1	3.048424E-4	3.048424E-4	1.182334E-9	6.978711E+1
3.500000E-1	3.569518E-4	3.569518E-4	1.384441E-9	6.997461E+1
4.000000E-1	4.085678E-4	4.085678E-4	1.584634E-9	7.016309E+1
4.500000E-1	4.608159E-4	4.608159E-4	1.787279E-9	7.035156E+1
5.000000E-1	5.117654E-4	5.117654E-4	1.984887E-9	7.053906E+1
5.000000E-1	5.046109E-4	5.046109E-4	1.957138E-9	7.072754E+1
4.500000E-1	4.436748E-4	4.436748E-4	1.720797E-9	7.091504E+1
4.000000E-1	3.863667E-4	3.863667E-4	1.498527E-9	7.110352E+1
3.500000E-1	3.295011E-4	3.295011E-4	1.277973E-9	7.129199E+1
3.000000E-1	2.736659E-4	2.736659E-4	1.061416E-9	7.147949E+1
2.500000E-1	1.719098E-4	1.719098E-4	6.667538E-10	7.189160E+1
2.000000E-1	1.536798E-4	1.536798E-4	5.960485E-10	7.208008E+1
1.500000E-1	1.159924E-4	1.159924E-4	4.498775E-10	7.226855E+1
1.000000E-1	6.124485E-5	6.124485E-5	2.375387E-10	7.245801E+1
5.000000E-2	1.451417E-5	1.451417E-5	5.629334E-11	7.335254E+1
0.000000E+0	2.610026E-5	-2.610026E-5	-1.012301E-10	7.395898E+1
-5.000000E-2	8.917645E-5	-8.917645E-5	-3.458717E-10	7.414844E+1
-1.000000E-1	1.413315E-4	-1.413315E-4	-5.481557E-10	7.433691E+1
-1.500000E-1	1.862491E-4	-1.862491E-4	-7.223688E-10	7.491211E+1
-2.000000E-1	2.319343E-4	-2.319343E-4	-8.995595E-10	7.571094E+1
-2.500000E-1	2.871781E-4	-2.871781E-4	-1.113823E-9	7.589941E+1
-3.000000E-1	3.387642E-4	-3.387642E-4	-1.313900E-9	7.608691E+1
-3.500000E-1	3.901414E-4	-3.901414E-4	-1.513167E-9	7.627539E+1
-4.000000E-1	4.418071E-4	-4.418071E-4	-1.713553E-9	7.646387E+1
-4.500000E-1	4.917699E-4	-4.917699E-4	-1.907334E-9	7.665137E+1
-5.000000E-1	5.413492E-4	-5.413492E-4	-2.099628E-9	7.683984E+1
-5.000000E-1	5.353724E-4	-5.353724E-4	-2.076447E-9	7.702734E+1
-4.500000E-1	4.755598E-4	-4.755598E-4	-1.844463E-9	7.721582E+1
-4.000000E-1	4.179518E-4	-4.179518E-4	-1.621030E-9	7.740430E+1
-3.500000E-1	3.624282E-4	-3.624282E-4	-1.405681E-9	7.759180E+1
-3.000000E-1	3.088426E-4	-3.088426E-4	-1.197849E-9	7.778027E+1
-2.500000E-1	2.609080E-4	-2.609080E-4	-1.011934E-9	7.857910E+1
-2.000000E-1	1.680707E-4	-1.680707E-4	-6.518636E-10	7.899023E+1
-1.500000E-1	1.568423E-4	-1.568423E-4	-6.083143E-10	7.956641E+1
-1.000000E-1	1.043435E-4	-1.043435E-4	-4.046972E-10	7.997754E+1
-5.000000E-2	5.104928E-5	-5.104928E-5	-1.979951E-10	8.016699E+1
0.000000E+0	3.687672E-6	-3.687672E-6	-1.430267E-11	8.106152E+1
0.000000E+0	5.587260E-6	-5.587260E-6	-2.167024E-11	8.158594E+1
5.000000E-2	1.647265E-5	1.647265E-5	6.388932E-11	8.210938E+1
1.000000E-1	1.877442E-5	1.877442E-5	7.281678E-11	8.263281E+1
1.500000E-1	1.395109E-4	1.395109E-4	5.410943E-10	8.362598E+1
2.000000E-1	1.857968E-4	1.857968E-4	7.206147E-10	8.442480E+1
2.500000E-1	2.323688E-4	2.323688E-4	9.012444E-10	8.522266E+1
3.000000E-1	2.863956E-4	2.863956E-4	1.110788E-9	8.541113E+1
3.500000E-1	3.367121E-4	3.367121E-4	1.305941E-9	8.559961E+1
4.000000E-1	3.867029E-4	3.867029E-4	1.499831E-9	8.578711E+1
4.500000E-1	4.370439E-4	4.370439E-4	1.695079E-9	8.597559E+1
5.000000E-1	4.860651E-4	4.860651E-4	1.885208E-9	8.616309E+1
5.000000E-1	4.794821E-4	4.794821E-4	1.859676E-9	8.635156E+1
4.500000E-1	4.217169E-4	4.217169E-4	1.635633E-9	8.654004E+1
4.000000E-1	3.671415E-4	3.671415E-4	1.423962E-9	8.672754E+1
3.500000E-1	3.129971E-4	3.129971E-4	1.213962E-9	8.691602E+1
3.000000E-1	2.599089E-4	2.599089E-4	1.008059E-9	8.710352E+1
2.500000E-1	1.686500E-4	1.686500E-4	6.541107E-10	8.751563E+1
2.000000E-1	1.503122E-4	1.503122E-4	5.829872E-10	8.770410E+1
1.500000E-1	1.094863E-4	1.094863E-4	4.246435E-10	8.789258E+1
1.000000E-1	5.728268E-5	5.728268E-5	2.221714E-10	8.808203E+1
5.000000E-2	1.325655E-5	1.325655E-5	5.141565E-11	8.897754E+1
0.000000E+0	2.757797E-5	-2.757797E-5	-1.069614E-10	8.958301E+1
-5.000000E-2	8.621423E-5	-8.621423E-5	-3.343827E-10	8.977246E+1
-1.000000E-1	1.363136E-4	-1.363136E-4	-5.286935E-10	8.996094E+1
-1.500000E-1	1.785215E-4	-1.785215E-4	-6.923973E-10	9.053711E+1
-2.000000E-1	2.218812E-4	-2.218812E-4	-8.605685E-10	9.133496E+1
-2.500000E-1	2.747976E-4	-2.747976E-4	-1.065805E-9	9.152344E+1
-3.000000E-1	3.241616E-4	-3.241616E-4	-1.257264E-9	9.171191E+1
-3.500000E-1	3.736964E-4	-3.736964E-4	-1.449385E-9	9.189941E+1
-4.000000E-1	4.233828E-4	-4.233828E-4	-1.642094E-9	9.208789E+1
-4.500000E-1	4.713741E-4	-4.713741E-4	-1.828229E-9	9.227539E+1
-5.000000E-1	5.189658E-4	-5.189658E-4	-2.012814E-9	9.246387E+1
-5.000000E-1	5.133114E-4	-5.133114E-4	-1.990883E-9	9.265234E+1
-4.500000E-1	4.556624E-4	-4.556624E-4	-1.767291E-9	9.283984E+1
-4.000000E-1	4.002865E-4	-4.002865E-4	-1.552515E-9	9.302832E+1
-3.500000E-1	3.469498E-4	-3.469498E-4	-1.345648E-9	9.321680E+1
-3.000000E-1	2.954656E-4	-2.954656E-4	-1.145966E-9	9.340430E+1
-2.500000E-1	2.488064E-4	-2.488064E-4	-9.649979E-10	9.439063E+1
-2.000000E-1	1.984823E-4	-1.984823E-4	-7.698153E-10	9.518945E+1
-1.500000E-1	1.458568E-4	-1.458568E-4	-5.657069E-10	9.560156E+1
-1.000000E-1	9.675008E-5	-9.675008E-5	-3.752461E-10	9.579004E+1
-5.000000E-2	4.398416E-5	-4.398416E-5	-1.705930E-10	9.597852E+1
0.000000E+0	9.057485E-7	-9.057485E-7	-3.512954E-12	9.687402E+1
0.000000E+0	5.339753E-6	-5.339753E-6	-2.071028E-11	9.739844E+1
5.000000E-2	1.648140E-5	1.648140E-5	6.392327E-11	9.792188E+1
1.000000E-1	9.002544E-5	9.002544E-5	3.491645E-10	9.852734E+1
1.500000E-1	1.420977E-4	1.420977E-4	5.511271E-10	9.871582E+1
2.000000E-1	1.618768E-4	1.618768E-4	6.278407E-10	9.890527E+1
2.500000E-1	2.327903E-4	2.327903E-4	9.028795E-10	9.948047E+1
3.000000E-1	2.839885E-4	2.839885E-4	1.101452E-9	9.966895E+1
3.500000E-1	3.321245E-4	3.321245E-4	1.288148E-9	9.985742E+1
4.000000E-1	3.805385E-4	3.805385E-4	1.475922E-9	1.000449E+2
4.500000E-1	4.282408E-4	4.282408E-4	1.660936E-9	1.002334E+2
5.000000E-1	4.747551E-4	4.747551E-4	1.841342E-9	1.004209E+2
5.000000E-1	4.680295E-4	4.680295E-4	1.815257E-9	1.006094E+2
4.500000E-1	4.117015E-4	4.117015E-4	1.596788E-9	1.007979E+2
4.000000E-1	3.583702E-4	3.583702E-4	1.389942E-9	1.009854E+2
3.500000E-1	3.057450E-4	3.057450E-4	1.185835E-9	1.011738E+2
3.000000E-1	1.832275E-4	1.832275E-4	7.106496E-10	1.015850E+2
2.500000E-1	1.679238E-4	1.679238E-4	6.512940E-10	1.017744E+2
2.000000E-1	1.607076E-4	1.607076E-4	6.233059E-10	1.023496E+2
1.500000E-1	1.121919E-4	1.121919E-4	4.351374E-10	1.027617E+2
1.000000E-1	6.065539E-5	6.065539E-5	2.352525E-10	1.029502E+2
5.000000E-2	1.508455E-5	1.508455E-5	5.850558E-11	1.038457E+2
0.000000E+0	1.594907E-5	-1.594907E-5	-6.185862E-11	1.043691E+2
-5.000000E-2	1.827159E-5	-1.827159E-5	-7.086655E-11	1.048926E+2
-1.000000E-1	2.015349E-5	-2.015349E-5	-7.816549E-11	1.054160E+2
-1.500000E-1	1.666325E-4	-1.666325E-4	-6.462857E-10	1.064092E+2
-2.000000E-1	2.105041E-4	-2.105041E-4	-8.164420E-10	1.072080E+2
-2.500000E-1	2.616464E-4	-2.616464E-4	-1.014798E-9	1.073965E+2
-3.000000E-1	3.096076E-4	-3.096076E-4	-1.200816E-9	1.075840E+2
-3.500000E-1	3.573752E-4	-3.573752E-4	-1.386083E-9	1.077725E+2
-4.000000E-1	4.051105E-4	-4.051105E-4	-1.571225E-9	1.079600E+2
-4.500000E-1	4.514544E-4	-4.514544E-4	-1.750970E-9	1.081484E+2
-5.000000E-1	4.975860E-4	-4.975860E-4	-1.929892E-9	1.083369E+2
-5.000000E-1	4.919947E-4	-4.919947E-4	-1.908206E-9	1.085244E+2
-4.500000E-1	4.364290E-4	-4.364290E-4	-1.692694E-9	1.087129E+2
-4.000000E-1	3.835254E-4	-3.835254E-4	-1.487507E-9	1.089014E+2
-3.500000E-1	3.325566E-4	-3.325566E-4	-1.289824E-9	1.090889E+2
-3.000000E-1	2.829064E-4	-2.829064E-4	-1.097255E-9	1.092773E+2
-2.500000E-1	2.386855E-4	-2.386855E-4	-9.257439E-10	1.100762E+2
-2.000000E-1	1.625225E-4	-1.625225E-4	-6.303450E-10	1.104873E+2
-1.500000E-1	1.406523E-4	-1.406523E-4	-5.455214E-10	1.106758E+2
-1.000000E-1	9.069298E-5	-9.069298E-5	-3.517536E-10	1.108652E+2
-5.000000E-2	4.003492E-5	-4.003492E-5	-1.552758E-10	1.110537E+2
0.000000E+0	2.019851E-7	2.019851E-7	7.834011E-13	1.119492E+2
0.000000E+0	4.613687E-6	-4.613687E-6	-1.789423E-11	1.124727E+2
5.000000E-2	1.648257E-5	1.648257E-5	6.392781E-11	1.129961E+2
1.000000E-1	1.873030E-5	1.873030E-5	7.264565E-11	1.135195E+2
1.500000E-1	2.059828E-5	2.059828E-5	7.989064E-11	1.140430E+2
2.000000E-1	1.779973E-4	1.779973E-4	6.903642E-10	1.150361E+2
2.500000E-1	2.206955E-4	2.206955E-4	8.559695E-10	1.158350E+2
3.000000E-1	2.707450E-4	2.707450E-4	1.050087E-9	1.160225E+2
3.500000E-1	3.182658E-4	3.182658E-4	1.234397E-9	1.162109E+2
4.000000E-1	3.656688E-4	3.656688E-4	1.418250E-9	1.163984E+2
4.500000E-1	4.119629E-4	4.119629E-4	1.597802E-9	1.165869E+2
5.000000E-1	4.575015E-4	4.575015E-4	1.774424E-9	1.167754E+2
5.000000E-1	4.516655E-4	4.516655E-4	1.751789E-9	1.169629E+2
4.500000E-1	3.970414E-4	3.970414E-4	1.539929E-9	1.171514E+2
4.000000E-1	3.450761E-4	3.450761E-4	1.338381E-9	1.173389E+2
3.500000E-1	2.946428E-4	2.946428E-4	1.142775E-9	1.175273E+2
3.000000E-1	1.807814E-4	1.807814E-4	7.011624E-10	1.179395E+2
2.500000E-1	1.655650E-4	1.655650E-4	6.421453E-10	1.181279E+2
2.000000E-1	1.545014E-4	1.545014E-4	5.992353E-10	1.187031E+2
1.500000E-1	1.078936E-4	1.078936E-4	4.184664E-10	1.191152E+2
1.000000E-1	5.783683E-5	5.783683E-5	2.243207E-10	1.193037E+2
5.000000E-2	1.492399E-5	1.492399E-5	5.788284E-11	1.201992E+2
0.000000E+0	1.596377E-5	-1.596377E-5	-6.191564E-11	1.207227E+2
-5.000000E-2	1.825203E-5	-1.825203E-5	-7.079066E-11	1.212461E+2
-1.000000E-1	2.011302E-5	-2.011302E-5	-7.800852E-11	1.217695E+2
-1.500000E-1	1.616772E-4	-1.616772E-4	-6.270664E-10	1.227627E+2
-2.000000E-1	2.041514E-4	-2.041514E-4	-7.918031E-10	1.235615E+2
-2.500000E-1	2.454811E-4	-2.454811E-4	-9.521006E-10	1.245479E+2
-3.000000E-1	2.949587E-4	-2.949587E-4	-1.144000E-9	1.247363E+2
-3.500000E-1	3.424274E-4	-3.424274E-4	-1.328108E-9	1.249238E+2
-4.000000E-1	3.887875E-4	-3.887875E-4	-1.507916E-9	1.251123E+2
-4.500000E-1	4.340910E-4	-4.340910E-4	-1.683626E-9	1.253008E+2
-5.000000E-1	4.798060E-4	-4.798060E-4	-1.860932E-9	1.254883E+2
-5.000000E-1	4.744547E-4	-4.744547E-4	-1.840177E-9	1.256768E+2
-4.500000E-1	4.201189E-4	-4.201189E-4	-1.629435E-9	1.258643E+2
-4.000000E-1	3.693667E-4	-3.693667E-4	-1.432592E-9	1.260527E+2
-3.500000E-1	3.202973E-4	-3.202973E-4	-1.242276E-9	1.262412E+2
-3.000000E-1	2.715592E-4	-2.715592E-4	-1.053245E-9	1.264287E+2
-2.500000E-1	2.292848E-4	-2.292848E-4	-8.892833E-10	1.272275E+2
-2.000000E-1	1.829487E-4	-1.829487E-4	-7.095684E-10	1.280264E+2
-1.500000E-1	1.358905E-4	-1.358905E-4	-5.270525E-10	1.284375E+2
-1.000000E-1	8.722075E-5	-8.722075E-5	-3.382865E-10	1.286270E+2
-5.000000E-2	3.921112E-5	-3.921112E-5	-1.520807E-10	1.288154E+2
0.000000E+0	1.505678E-6	1.505678E-6	5.839787E-12	1.297109E+2
0.000000E+0	2.274087E-6	-2.274087E-6	-8.820070E-12	1.302344E+2
5.000000E-2	1.652047E-5	1.652047E-5	6.407479E-11	1.307578E+2
1.000000E-1	8.698071E-5	8.698071E-5	3.373555E-10	1.313643E+2
1.500000E-1	1.371962E-4	1.371962E-4	5.321166E-10	1.315527E+2
2.000000E-1	1.589264E-4	1.589264E-4	6.163977E-10	1.317412E+2
2.500000E-1	2.210388E-4	2.210388E-4	8.573009E-10	1.323174E+2
3.000000E-1	2.687924E-4	2.687924E-4	1.042514E-9	1.325049E+2
3.500000E-1	3.146227E-4	3.146227E-4	1.220267E-9	1.326934E+2
4.000000E-1	3.604978E-4	3.604978E-4	1.398194E-9	1.328818E+2
4.500000E-1	4.050156E-4	4.050156E-4	1.570857E-9	1.330693E+2
5.000000E-1	4.491367E-4	4.491367E-4	1.741981E-9	1.332578E+2
5.000000E-1	4.436297E-4	4.436297E-4	1.720622E-9	1.334453E+2
4.500000E-1	3.903948E-4	3.903948E-4	1.514150E-9	1.336338E+2
4.000000E-1	3.395683E-4	3.395683E-4	1.317019E-9	1.338223E+2
3.500000E-1	2.904018E-4	2.904018E-4	1.126326E-9	1.340098E+2
3.000000E-1	1.799782E-4	1.799782E-4	6.980471E-10	1.344219E+2
2.500000E-1	1.648376E-4	1.648376E-4	6.393243E-10	1.346104E+2
2.000000E-1	1.533805E-4	1.533805E-4	5.948877E-10	1.351865E+2
1.500000E-1	1.078336E-4	1.078336E-4	4.182337E-10	1.355977E+2
1.000000E-1	5.895028E-5	5.895028E-5	2.286392E-10	1.357861E+2
5.000000E-2	1.954749E-5	1.954749E-5	7.581513E-11	1.370986E+2
0.000000E+0	2.915017E-5	-2.915017E-5	-1.130592E-10	1.372871E+2
-5.000000E-2	7.718460E-5	-7.718460E-5	-2.993612E-10	1.374766E+2
-1.000000E-1	1.231461E-4	-1.231461E-4	-4.776232E-10	1.376650E+2
-1.500000E-1	1.545109E-4	-1.545109E-4	-5.992721E-10	1.378535E+2
-2.000000E-1	1.717698E-4	-1.717698E-4	-6.662108E-10	1.380430E+2
-2.500000E-1	1.860407E-4	-1.860407E-4	-7.215607E-10	1.382314E+2
-3.000000E-1	2.963847E-4	-2.963847E-4	-1.149531E-9	1.388076E+2
-3.500000E-1	3.427415E-4	-3.427415E-4	-1.329326E-9	1.389951E+2
-4.000000E-1	3.870570E-4	-3.870570E-4	-1.501204E-9	1.391836E+2
-4.500000E-1	4.315369E-4	-4.315369E-4	-1.673720E-9	1.393711E+2
-5.000000E-1	4.757214E-4	-4.757214E-4	-1.845090E-9	1.395596E+2
-5.000000E-1	4.693700E-4	-4.693700E-4	-1.820456E-9	1.397480E+2
-4.500000E-1	4.160186E-4	-4.160186E-4	-1.613532E-9	1.399355E+2
-4.000000E-1	3.663067E-4	-3.663067E-4	-1.420724E-9	1.401240E+2
-3.500000E-1	3.172567E-4	-3.172567E-4	-1.230483E-9	1.403125E+2
-3.000000E-1	2.689103E-4	-2.689103E-4	-1.042971E-9	1.405000E+2
-2.500000E-1	1.745480E-4	-1.745480E-4	-6.769861E-10	1.409121E+2
-2.000000E-1	1.594484E-4	-1.594484E-4	-6.184223E-10	1.411006E+2
-1.500000E-1	1.321493E-4	-1.321493E-4	-5.125423E-10	1.412891E+2
-1.000000E-1	8.633482E-5	-8.633482E-5	-3.348504E-10	1.414785E+2
-5.000000E-2	3.806452E-5	-3.806452E-5	-1.476336E-10	1.416670E+2
0.000000E+0	4.220683E-7	4.220683E-7	1.636996E-12	1.425625E+2
