voltage_YSR_1_40C	absJ_YSR_1_40C	J_YSR_1_40C	current_YSR_1_40C	time_YSR_1_40C
0.000000E+0	5.004642E-5	5.004642E-5	1.941055E-10	0.000000E+0
5.000000E-2	8.251776E+0	8.251776E+0	3.200459E-5	7.705078E-1
1.000000E-1	1.647830E+1	1.647830E+1	6.391125E-5	9.580078E-1
1.500000E-1	2.470270E+1	2.470270E+1	9.580967E-5	1.146484E+0
2.000000E-1	3.289498E+1	3.289498E+1	1.275835E-4	1.717773E+0
2.500000E-1	4.109996E+1	4.109996E+1	1.594066E-4	1.905273E+0
3.000000E-1	4.932080E+1	4.932080E+1	1.912912E-4	2.093750E+0
3.500000E-1	5.753901E+1	5.753901E+1	2.231656E-4	2.281250E+0
4.000000E-1	6.575998E+1	6.575998E+1	2.550507E-4	2.469727E+0
4.500000E-1	7.396295E+1	7.396295E+1	2.868660E-4	2.658203E+0
5.000000E-1	8.215919E+1	8.215919E+1	3.186552E-4	2.845703E+0
5.000000E-1	8.215416E+1	8.215416E+1	3.186357E-4	3.034180E+0
4.500000E-1	7.394692E+1	7.394692E+1	2.868038E-4	3.222656E+0
4.000000E-1	6.574557E+1	6.574557E+1	2.549948E-4	3.410156E+0
3.500000E-1	5.752388E+1	5.752388E+1	2.231069E-4	3.598633E+0
3.000000E-1	4.931080E+1	4.931080E+1	1.912524E-4	3.786133E+0
2.500000E-1	4.109125E+1	4.109125E+1	1.593728E-4	3.974609E+0
2.000000E-1	3.289155E+1	3.289155E+1	1.275702E-4	4.163086E+0
1.500000E-1	2.469660E+1	2.469660E+1	9.578601E-5	4.542969E+0
1.000000E-1	1.647642E+1	1.647642E+1	6.390396E-5	4.730469E+0
5.000000E-2	8.250420E+0	8.250420E+0	3.199933E-5	4.918945E+0
0.000000E+0	1.469986E-5	1.469986E-5	5.701353E-11	6.200195E+0
-5.000000E-2	8.205797E+0	-8.205797E+0	-3.182626E-5	6.776367E+0
-1.000000E-1	1.643351E+1	-1.643351E+1	-6.373752E-5	6.964844E+0
-1.500000E-1	2.465713E+1	-2.465713E+1	-9.563290E-5	7.152344E+0
-2.000000E-1	3.285071E+1	-3.285071E+1	-1.274118E-4	7.723633E+0
-2.500000E-1	4.105536E+1	-4.105536E+1	-1.592336E-4	7.912109E+0
-3.000000E-1	4.927759E+1	-4.927759E+1	-1.911236E-4	8.099609E+0
-3.500000E-1	5.750207E+1	-5.750207E+1	-2.230223E-4	8.288086E+0
-4.000000E-1	6.572963E+1	-6.572963E+1	-2.549330E-4	8.476563E+0
-4.500000E-1	7.394491E+1	-7.394491E+1	-2.867960E-4	8.664063E+0
-5.000000E-1	8.216737E+1	-8.216737E+1	-3.186869E-4	8.852539E+0
-5.000000E-1	8.217556E+1	-8.217556E+1	-3.187187E-4	9.040039E+0
-4.500000E-1	7.396775E+1	-7.396775E+1	-2.868846E-4	9.228516E+0
-4.000000E-1	6.576029E+1	-6.576029E+1	-2.550519E-4	9.416992E+0
-3.500000E-1	5.752718E+1	-5.752718E+1	-2.231197E-4	9.604492E+0
-3.000000E-1	4.930067E+1	-4.930067E+1	-1.912131E-4	9.792969E+0
-2.500000E-1	4.107648E+1	-4.107648E+1	-1.593155E-4	9.981445E+0
-2.000000E-1	3.286845E+1	-3.286845E+1	-1.274806E-4	1.016895E+1
-1.500000E-1	2.466675E+1	-2.466675E+1	-9.567021E-5	1.054883E+1
-1.000000E-1	1.644067E+1	-1.644067E+1	-6.376531E-5	1.073730E+1
-5.000000E-2	8.209646E+0	-8.209646E+0	-3.184119E-5	1.092480E+1
0.000000E+0	4.158714E-5	4.158714E-5	1.612961E-10	1.172363E+1
0.000000E+0	3.325079E-5	3.325079E-5	1.289635E-10	1.191309E+1
5.000000E-2	8.256509E+0	8.256509E+0	3.202295E-5	1.268262E+1
1.000000E-1	1.648724E+1	1.648724E+1	6.394592E-5	1.287109E+1
1.500000E-1	2.471536E+1	2.471536E+1	9.585874E-5	1.305957E+1
2.000000E-1	3.291239E+1	3.291239E+1	1.276510E-4	1.362988E+1
2.500000E-1	4.112193E+1	4.112193E+1	1.594918E-4	1.381836E+1
3.000000E-1	4.934651E+1	4.934651E+1	1.913909E-4	1.400684E+1
3.500000E-1	5.757201E+1	5.757201E+1	2.232936E-4	1.419434E+1
4.000000E-1	6.579290E+1	6.579290E+1	2.551784E-4	1.438281E+1
4.500000E-1	7.400160E+1	7.400160E+1	2.870159E-4	1.457129E+1
5.000000E-1	8.220114E+1	8.220114E+1	3.188179E-4	1.475879E+1
5.000000E-1	8.219714E+1	8.219714E+1	3.188024E-4	1.494727E+1
4.500000E-1	7.398633E+1	7.398633E+1	2.869567E-4	1.513477E+1
4.000000E-1	6.577550E+1	6.577550E+1	2.551109E-4	1.532324E+1
3.500000E-1	5.755180E+1	5.755180E+1	2.232152E-4	1.551172E+1
3.000000E-1	4.932565E+1	4.932565E+1	1.913100E-4	1.569922E+1
2.500000E-1	4.110510E+1	4.110510E+1	1.594265E-4	1.588770E+1
2.000000E-1	3.290174E+1	3.290174E+1	1.276097E-4	1.607617E+1
1.500000E-1	2.470866E+1	2.470866E+1	9.583276E-5	1.645508E+1
1.000000E-1	1.648286E+1	1.648286E+1	6.392894E-5	1.664355E+1
5.000000E-2	8.253289E+0	8.253289E+0	3.201046E-5	1.683203E+1
0.000000E+0	1.460637E-5	1.460637E-5	5.665093E-11	1.833691E+1
-5.000000E-2	8.208004E+0	-8.208004E+0	-3.183482E-5	1.891309E+1
-1.000000E-1	1.643802E+1	-1.643802E+1	-6.375501E-5	1.910059E+1
-1.500000E-1	2.466439E+1	-2.466439E+1	-9.566105E-5	1.928906E+1
-2.000000E-1	3.286822E+1	-3.286822E+1	-1.274797E-4	1.986035E+1
-2.500000E-1	4.107991E+1	-4.107991E+1	-1.593288E-4	2.004785E+1
-3.000000E-1	4.931229E+1	-4.931229E+1	-1.912582E-4	2.023633E+1
-3.500000E-1	5.754046E+1	-5.754046E+1	-2.231712E-4	2.042480E+1
-4.000000E-1	6.577831E+1	-6.577831E+1	-2.551218E-4	2.061230E+1
-4.500000E-1	7.400377E+1	-7.400377E+1	-2.870243E-4	2.080078E+1
-5.000000E-1	8.223672E+1	-8.223672E+1	-3.189559E-4	2.098926E+1
-5.000000E-1	8.223968E+1	-8.223968E+1	-3.189674E-4	2.117676E+1
-4.500000E-1	7.401176E+1	-7.401176E+1	-2.870553E-4	2.136523E+1
-4.000000E-1	6.579592E+1	-6.579592E+1	-2.551901E-4	2.155273E+1
-3.500000E-1	5.756521E+1	-5.756521E+1	-2.232672E-4	2.174121E+1
-3.000000E-1	4.934241E+1	-4.934241E+1	-1.913750E-4	2.192969E+1
-2.500000E-1	4.110564E+1	-4.110564E+1	-1.594286E-4	2.211719E+1
-2.000000E-1	3.289292E+1	-3.289292E+1	-1.275755E-4	2.230566E+1
-1.500000E-1	2.468149E+1	-2.468149E+1	-9.572737E-5	2.268555E+1
-1.000000E-1	1.645037E+1	-1.645037E+1	-6.380292E-5	2.287305E+1
-5.000000E-2	8.214715E+0	-8.214715E+0	-3.186085E-5	2.306152E+1
0.000000E+0	3.936419E-5	3.936419E-5	1.526744E-10	2.386035E+1
0.000000E+0	3.300941E-5	3.300941E-5	1.280273E-10	2.404980E+1
5.000000E-2	8.262355E+0	8.262355E+0	3.204562E-5	2.481934E+1
1.000000E-1	1.650049E+1	1.650049E+1	6.399729E-5	2.500781E+1
1.500000E-1	2.473464E+1	2.473464E+1	9.593354E-5	2.519531E+1
2.000000E-1	3.293899E+1	3.293899E+1	1.277542E-4	2.576660E+1
2.500000E-1	4.115375E+1	4.115375E+1	1.596152E-4	2.595508E+1
3.000000E-1	4.937740E+1	4.937740E+1	1.915107E-4	2.614258E+1
3.500000E-1	5.760321E+1	5.760321E+1	2.234146E-4	2.633105E+1
4.000000E-1	6.583256E+1	6.583256E+1	2.553322E-4	2.651855E+1
4.500000E-1	7.404721E+1	7.404721E+1	2.871928E-4	2.670703E+1
5.000000E-1	8.225760E+1	8.225760E+1	3.190369E-4	2.689551E+1
5.000000E-1	8.224995E+1	8.224995E+1	3.190072E-4	2.708301E+1
4.500000E-1	7.402664E+1	7.402664E+1	2.871130E-4	2.727148E+1
4.000000E-1	6.580747E+1	6.580747E+1	2.552349E-4	2.745996E+1
3.500000E-1	5.758447E+1	5.758447E+1	2.233419E-4	2.764746E+1
3.000000E-1	4.935574E+1	4.935574E+1	1.914267E-4	2.783594E+1
2.500000E-1	4.112876E+1	4.112876E+1	1.595183E-4	2.802344E+1
2.000000E-1	3.291886E+1	3.291886E+1	1.276761E-4	2.821191E+1
1.500000E-1	2.472003E+1	2.472003E+1	9.587687E-5	2.859180E+1
1.000000E-1	1.649034E+1	1.649034E+1	6.395792E-5	2.878027E+1
5.000000E-2	8.258477E+0	8.258477E+0	3.203058E-5	2.896777E+1
0.000000E+0	1.392076E-5	1.392076E-5	5.399180E-11	3.047363E+1
-5.000000E-2	8.210388E+0	-8.210388E+0	-3.184407E-5	3.104883E+1
-1.000000E-1	1.643956E+1	-1.643956E+1	-6.376098E-5	3.123730E+1
-1.500000E-1	2.466516E+1	-2.466516E+1	-9.566407E-5	3.142480E+1
-2.000000E-1	3.285234E+1	-3.285234E+1	-1.274181E-4	3.199609E+1
-2.500000E-1	4.105342E+1	-4.105342E+1	-1.592261E-4	3.218457E+1
-3.000000E-1	4.927163E+1	-4.927163E+1	-1.911005E-4	3.237207E+1
-3.500000E-1	5.750201E+1	-5.750201E+1	-2.230221E-4	3.256055E+1
-4.000000E-1	6.573182E+1	-6.573182E+1	-2.549415E-4	3.274902E+1
-4.500000E-1	7.395573E+1	-7.395573E+1	-2.868380E-4	3.293652E+1
-5.000000E-1	8.215267E+1	-8.215267E+1	-3.186299E-4	3.312500E+1
-5.000000E-1	8.214643E+1	-8.214643E+1	-3.186057E-4	3.331250E+1
-4.500000E-1	7.393776E+1	-7.393776E+1	-2.867683E-4	3.350098E+1
-4.000000E-1	6.573595E+1	-6.573595E+1	-2.549575E-4	3.368945E+1
-3.500000E-1	5.751416E+1	-5.751416E+1	-2.230692E-4	3.387695E+1
-3.000000E-1	4.928914E+1	-4.928914E+1	-1.911684E-4	3.406543E+1
-2.500000E-1	4.106459E+1	-4.106459E+1	-1.592694E-4	3.425391E+1
-2.000000E-1	3.285974E+1	-3.285974E+1	-1.274468E-4	3.444141E+1
-1.500000E-1	2.465441E+1	-2.465441E+1	-9.562238E-5	3.482129E+1
-1.000000E-1	1.643216E+1	-1.643216E+1	-6.373230E-5	3.500977E+1
-5.000000E-2	8.205278E+0	-8.205278E+0	-3.182425E-5	3.519727E+1
0.000000E+0	3.794540E-5	3.794540E-5	1.471716E-10	3.599609E+1
0.000000E+0	3.139608E-5	3.139608E-5	1.217700E-10	3.618555E+1
5.000000E-2	8.254341E+0	8.254341E+0	3.201454E-5	3.695508E+1
1.000000E-1	1.648383E+1	1.648383E+1	6.393268E-5	3.714355E+1
1.500000E-1	2.470995E+1	2.470995E+1	9.583776E-5	3.733105E+1
2.000000E-1	3.290532E+1	3.290532E+1	1.276236E-4	3.790234E+1
2.500000E-1	4.111595E+1	4.111595E+1	1.594686E-4	3.809082E+1
3.000000E-1	4.933785E+1	4.933785E+1	1.913573E-4	3.827832E+1
3.500000E-1	5.756756E+1	5.756756E+1	2.232763E-4	3.846680E+1
4.000000E-1	6.578484E+1	6.578484E+1	2.551471E-4	3.865527E+1
4.500000E-1	7.398631E+1	7.398631E+1	2.869566E-4	3.884277E+1
5.000000E-1	8.219088E+1	8.219088E+1	3.187781E-4	3.903125E+1
5.000000E-1	8.218394E+1	8.218394E+1	3.187512E-4	3.921973E+1
4.500000E-1	7.398102E+1	7.398102E+1	2.869361E-4	3.940723E+1
4.000000E-1	6.577197E+1	6.577197E+1	2.550972E-4	3.959570E+1
3.500000E-1	5.754705E+1	5.754705E+1	2.231968E-4	3.978320E+1
3.000000E-1	4.932720E+1	4.932720E+1	1.913160E-4	3.997168E+1
2.500000E-1	4.110350E+1	4.110350E+1	1.594203E-4	4.016016E+1
2.000000E-1	3.290021E+1	3.290021E+1	1.276038E-4	4.034766E+1
1.500000E-1	2.470854E+1	2.470854E+1	9.583231E-5	4.072754E+1
1.000000E-1	1.648476E+1	1.648476E+1	6.393631E-5	4.091602E+1
5.000000E-2	8.254293E+0	8.254293E+0	3.201435E-5	4.110352E+1
0.000000E+0	1.303876E-5	1.303876E-5	5.057097E-11	4.260937E+1
-5.000000E-2	8.211655E+0	-8.211655E+0	-3.184898E-5	4.318457E+1
-1.000000E-1	1.644483E+1	-1.644483E+1	-6.378144E-5	4.337305E+1
-1.500000E-1	2.467290E+1	-2.467290E+1	-9.569406E-5	4.356055E+1
-2.000000E-1	3.287593E+1	-3.287593E+1	-1.275096E-4	4.413184E+1
-2.500000E-1	4.108934E+1	-4.108934E+1	-1.593654E-4	4.432031E+1
-3.000000E-1	4.931671E+1	-4.931671E+1	-1.912753E-4	4.450781E+1
-3.500000E-1	5.755139E+1	-5.755139E+1	-2.232136E-4	4.469629E+1
-4.000000E-1	6.577862E+1	-6.577862E+1	-2.551230E-4	4.488477E+1
-4.500000E-1	7.400395E+1	-7.400395E+1	-2.870250E-4	4.507227E+1
-5.000000E-1	8.223499E+1	-8.223499E+1	-3.189492E-4	4.526074E+1
-5.000000E-1	8.225047E+1	-8.225047E+1	-3.190092E-4	4.544922E+1
-4.500000E-1	7.402612E+1	-7.402612E+1	-2.871110E-4	4.563672E+1
-4.000000E-1	6.580786E+1	-6.580786E+1	-2.552364E-4	4.582520E+1
-3.500000E-1	5.757397E+1	-5.757397E+1	-2.233012E-4	4.601270E+1
-3.000000E-1	4.934156E+1	-4.934156E+1	-1.913717E-4	4.620117E+1
-2.500000E-1	4.110953E+1	-4.110953E+1	-1.594437E-4	4.638965E+1
-2.000000E-1	3.289385E+1	-3.289385E+1	-1.275791E-4	4.657715E+1
-1.500000E-1	2.468595E+1	-2.468595E+1	-9.574469E-5	4.695703E+1
-1.000000E-1	1.645233E+1	-1.645233E+1	-6.381053E-5	4.714551E+1
-5.000000E-2	8.215718E+0	-8.215718E+0	-3.186474E-5	4.733301E+1
0.000000E+0	3.847447E-5	3.847447E-5	1.492236E-10	4.813184E+1
0.000000E+0	3.212603E-5	3.212603E-5	1.246011E-10	4.832129E+1
5.000000E-2	8.264079E+0	8.264079E+0	3.205231E-5	4.909082E+1
1.000000E-1	1.650464E+1	1.650464E+1	6.401339E-5	4.927930E+1
1.500000E-1	2.473969E+1	2.473969E+1	9.595310E-5	4.946777E+1
2.000000E-1	3.294611E+1	3.294611E+1	1.277818E-4	5.003906E+1
2.500000E-1	4.115792E+1	4.115792E+1	1.596314E-4	5.022656E+1
3.000000E-1	4.938701E+1	4.938701E+1	1.915480E-4	5.041504E+1
3.500000E-1	5.762250E+1	5.762250E+1	2.234894E-4	5.060254E+1
4.000000E-1	6.585682E+1	6.585682E+1	2.554263E-4	5.079102E+1
4.500000E-1	7.407472E+1	7.407472E+1	2.872995E-4	5.097949E+1
5.000000E-1	8.229432E+1	8.229432E+1	3.191793E-4	5.116699E+1
5.000000E-1	8.228901E+1	8.228901E+1	3.191587E-4	5.135547E+1
4.500000E-1	7.407214E+1	7.407214E+1	2.872895E-4	5.154395E+1
4.000000E-1	6.585519E+1	6.585519E+1	2.554200E-4	5.173145E+1
3.500000E-1	5.762778E+1	5.762778E+1	2.235099E-4	5.191992E+1
3.000000E-1	4.939173E+1	4.939173E+1	1.915663E-4	5.210742E+1
2.500000E-1	4.116254E+1	4.116254E+1	1.596493E-4	5.229590E+1
2.000000E-1	3.294397E+1	3.294397E+1	1.277735E-4	5.248437E+1
1.500000E-1	2.473872E+1	2.473872E+1	9.594937E-5	5.286328E+1
1.000000E-1	1.650284E+1	1.650284E+1	6.400640E-5	5.305176E+1
5.000000E-2	8.264012E+0	8.264012E+0	3.205205E-5	5.324023E+1
0.000000E+0	1.431409E-5	1.431409E-5	5.551735E-11	5.474512E+1
-5.000000E-2	8.219068E+0	-8.219068E+0	-3.187773E-5	5.532129E+1
-1.000000E-1	1.646034E+1	-1.646034E+1	-6.384157E-5	5.550879E+1
-1.500000E-1	2.469681E+1	-2.469681E+1	-9.578682E-5	5.569727E+1
-2.000000E-1	3.290890E+1	-3.290890E+1	-1.276375E-4	5.626855E+1
-2.500000E-1	4.112696E+1	-4.112696E+1	-1.595113E-4	5.645605E+1
-3.000000E-1	4.936252E+1	-4.936252E+1	-1.914530E-4	5.664453E+1
-3.500000E-1	5.760324E+1	-5.760324E+1	-2.234147E-4	5.683301E+1
-4.000000E-1	6.584700E+1	-6.584700E+1	-2.553882E-4	5.702051E+1
-4.500000E-1	7.406709E+1	-7.406709E+1	-2.872699E-4	5.720898E+1
-5.000000E-1	8.230267E+1	-8.230267E+1	-3.192117E-4	5.739746E+1
-5.000000E-1	8.229860E+1	-8.229860E+1	-3.191959E-4	5.758496E+1
-4.500000E-1	7.407402E+1	-7.407402E+1	-2.872968E-4	5.777344E+1
-4.000000E-1	6.585151E+1	-6.585151E+1	-2.554057E-4	5.796094E+1
-3.500000E-1	5.761164E+1	-5.761164E+1	-2.234473E-4	5.814941E+1
-3.000000E-1	4.937881E+1	-4.937881E+1	-1.915162E-4	5.833789E+1
-2.500000E-1	4.114258E+1	-4.114258E+1	-1.595719E-4	5.852539E+1
-2.000000E-1	3.292079E+1	-3.292079E+1	-1.276836E-4	5.871387E+1
-1.500000E-1	2.470621E+1	-2.470621E+1	-9.582327E-5	5.909375E+1
-1.000000E-1	1.646609E+1	-1.646609E+1	-6.386390E-5	5.928223E+1
-5.000000E-2	8.222027E+0	-8.222027E+0	-3.188921E-5	5.946973E+1
0.000000E+0	3.970752E-5	3.970752E-5	1.540060E-10	6.026855E+1
0.000000E+0	3.377140E-5	3.377140E-5	1.309827E-10	6.045801E+1
5.000000E-2	8.267171E+0	8.267171E+0	3.206430E-5	6.122754E+1
1.000000E-1	1.650865E+1	1.650865E+1	6.402894E-5	6.141602E+1
1.500000E-1	2.474728E+1	2.474728E+1	9.598256E-5	6.160352E+1
2.000000E-1	3.295343E+1	3.295343E+1	1.278102E-4	6.217480E+1
2.500000E-1	4.117146E+1	4.117146E+1	1.596839E-4	6.236328E+1
3.000000E-1	4.940769E+1	4.940769E+1	1.916282E-4	6.255078E+1
3.500000E-1	5.765050E+1	5.765050E+1	2.235980E-4	6.273926E+1
4.000000E-1	6.588304E+1	6.588304E+1	2.555280E-4	6.292773E+1
4.500000E-1	7.410087E+1	7.410087E+1	2.874009E-4	6.311523E+1
5.000000E-1	8.232402E+1	8.232402E+1	3.192945E-4	6.330371E+1
5.000000E-1	8.231242E+1	8.231242E+1	3.192495E-4	6.349219E+1
4.500000E-1	7.409004E+1	7.409004E+1	2.873589E-4	6.367969E+1
4.000000E-1	6.586767E+1	6.586767E+1	2.554684E-4	6.386816E+1
3.500000E-1	5.763359E+1	5.763359E+1	2.235324E-4	6.405566E+1
3.000000E-1	4.939818E+1	4.939818E+1	1.915913E-4	6.424414E+1
2.500000E-1	4.116391E+1	4.116391E+1	1.596546E-4	6.443262E+1
2.000000E-1	3.294647E+1	3.294647E+1	1.277832E-4	6.462012E+1
1.500000E-1	2.473962E+1	2.473962E+1	9.595286E-5	6.500000E+1
1.000000E-1	1.650287E+1	1.650287E+1	6.400654E-5	6.518848E+1
5.000000E-2	8.263674E+0	8.263674E+0	3.205074E-5	6.537598E+1
0.000000E+0	1.419192E-5	1.419192E-5	5.504349E-11	6.688184E+1
-5.000000E-2	8.218817E+0	-8.218817E+0	-3.187676E-5	6.745703E+1
-1.000000E-1	1.646001E+1	-1.646001E+1	-6.384030E-5	6.764551E+1
-1.500000E-1	2.469852E+1	-2.469852E+1	-9.579344E-5	6.783301E+1
-2.000000E-1	3.290885E+1	-3.290885E+1	-1.276373E-4	6.840430E+1
-2.500000E-1	4.112273E+1	-4.112273E+1	-1.594949E-4	6.859277E+1
-3.000000E-1	4.935607E+1	-4.935607E+1	-1.914280E-4	6.878125E+1
-3.500000E-1	5.759491E+1	-5.759491E+1	-2.233824E-4	6.896875E+1
-4.000000E-1	6.584307E+1	-6.584307E+1	-2.553730E-4	6.915723E+1
-4.500000E-1	7.406946E+1	-7.406946E+1	-2.872791E-4	6.934473E+1
-5.000000E-1	8.228047E+1	-8.228047E+1	-3.191256E-4	6.953320E+1
-5.000000E-1	8.228498E+1	-8.228498E+1	-3.191431E-4	6.972168E+1
-4.500000E-1	7.407088E+1	-7.407088E+1	-2.872846E-4	6.990918E+1
-4.000000E-1	6.584566E+1	-6.584566E+1	-2.553830E-4	7.009766E+1
-3.500000E-1	5.760424E+1	-5.760424E+1	-2.234186E-4	7.028613E+1
-3.000000E-1	4.936484E+1	-4.936484E+1	-1.914620E-4	7.047363E+1
-2.500000E-1	4.113131E+1	-4.113131E+1	-1.595282E-4	7.066211E+1
-2.000000E-1	3.291257E+1	-3.291257E+1	-1.276517E-4	7.085059E+1
-1.500000E-1	2.470022E+1	-2.470022E+1	-9.580003E-5	7.123047E+1
-1.000000E-1	1.646305E+1	-1.646305E+1	-6.385209E-5	7.141797E+1
-5.000000E-2	8.220403E+0	-8.220403E+0	-3.188291E-5	7.160645E+1
0.000000E+0	1.210370E-5	1.210370E-5	4.694430E-11	7.311133E+1
0.000000E+0	7.597086E-6	7.597086E-6	2.946537E-11	7.363574E+1
5.000000E-2	8.270415E+0	8.270415E+0	3.207688E-5	7.421094E+1
1.000000E-1	1.651680E+1	1.651680E+1	6.406056E-5	7.439844E+1
1.500000E-1	2.476011E+1	2.476011E+1	9.603233E-5	7.458691E+1
2.000000E-1	3.297068E+1	3.297068E+1	1.278771E-4	7.515820E+1
2.500000E-1	4.119670E+1	4.119670E+1	1.597818E-4	7.534570E+1
3.000000E-1	4.943871E+1	4.943871E+1	1.917485E-4	7.553418E+1
3.500000E-1	5.767930E+1	5.767930E+1	2.237097E-4	7.572266E+1
4.000000E-1	6.591764E+1	6.591764E+1	2.556622E-4	7.591016E+1
4.500000E-1	7.413691E+1	7.413691E+1	2.875407E-4	7.609863E+1
5.000000E-1	8.235215E+1	8.235215E+1	3.194036E-4	7.628613E+1
5.000000E-1	8.235917E+1	8.235917E+1	3.194308E-4	7.647461E+1
4.500000E-1	7.413288E+1	7.413288E+1	2.875251E-4	7.666309E+1
4.000000E-1	6.590401E+1	6.590401E+1	2.556093E-4	7.685059E+1
3.500000E-1	5.766509E+1	5.766509E+1	2.236546E-4	7.703906E+1
3.000000E-1	4.942687E+1	4.942687E+1	1.917026E-4	7.722754E+1
2.500000E-1	4.118809E+1	4.118809E+1	1.597484E-4	7.741504E+1
2.000000E-1	3.296614E+1	3.296614E+1	1.278595E-4	7.760352E+1
1.500000E-1	2.475356E+1	2.475356E+1	9.600692E-5	7.798340E+1
1.000000E-1	1.651252E+1	1.651252E+1	6.404398E-5	7.817090E+1
5.000000E-2	8.268741E+0	8.268741E+0	3.207039E-5	7.835938E+1
0.000000E+0	1.242178E-5	1.242178E-5	4.817800E-11	7.986426E+1
-5.000000E-2	8.224167E+0	-8.224167E+0	-3.189751E-5	8.044043E+1
-1.000000E-1	1.647030E+1	-1.647030E+1	-6.388020E-5	8.062793E+1
-1.500000E-1	2.471153E+1	-2.471153E+1	-9.584389E-5	8.081641E+1
-2.000000E-1	3.293221E+1	-3.293221E+1	-1.277279E-4	8.138770E+1
-2.500000E-1	4.115847E+1	-4.115847E+1	-1.596335E-4	8.157520E+1
-3.000000E-1	4.940081E+1	-4.940081E+1	-1.916015E-4	8.176367E+1
-3.500000E-1	5.764508E+1	-5.764508E+1	-2.235770E-4	8.195215E+1
-4.000000E-1	6.589232E+1	-6.589232E+1	-2.555640E-4	8.213965E+1
-4.500000E-1	7.411884E+1	-7.411884E+1	-2.874706E-4	8.232812E+1
-5.000000E-1	8.236203E+1	-8.236203E+1	-3.194419E-4	8.251660E+1
-5.000000E-1	8.237481E+1	-8.237481E+1	-3.194915E-4	8.270410E+1
-4.500000E-1	7.414403E+1	-7.414403E+1	-2.875683E-4	8.289258E+1
-4.000000E-1	6.590841E+1	-6.590841E+1	-2.556264E-4	8.308008E+1
-3.500000E-1	5.766066E+1	-5.766066E+1	-2.236374E-4	8.326855E+1
-3.000000E-1	4.941233E+1	-4.941233E+1	-1.916462E-4	8.345703E+1
-2.500000E-1	4.116862E+1	-4.116862E+1	-1.596729E-4	8.364453E+1
-2.000000E-1	3.294031E+1	-3.294031E+1	-1.277593E-4	8.383301E+1
-1.500000E-1	2.472176E+1	-2.472176E+1	-9.588357E-5	8.421289E+1
-1.000000E-1	1.647591E+1	-1.647591E+1	-6.390197E-5	8.440039E+1
-5.000000E-2	8.226849E+0	-8.226849E+0	-3.190791E-5	8.458887E+1
0.000000E+0	3.282016E-4	3.282016E-4	1.272933E-9	8.516406E+1
0.000000E+0	3.089086E-4	3.089086E-4	1.198105E-9	8.535254E+1
5.000000E-2	8.273975E+0	8.273975E+0	3.209069E-5	8.612207E+1
1.000000E-1	1.652277E+1	1.652277E+1	6.408372E-5	8.631055E+1
1.500000E-1	2.476858E+1	2.476858E+1	9.606517E-5	8.649805E+1
2.000000E-1	3.298592E+1	3.298592E+1	1.279362E-4	8.706934E+1
2.500000E-1	4.121588E+1	4.121588E+1	1.598562E-4	8.725781E+1
3.000000E-1	4.945794E+1	4.945794E+1	1.918231E-4	8.744531E+1
3.500000E-1	5.769673E+1	5.769673E+1	2.237773E-4	8.763379E+1
4.000000E-1	6.593561E+1	6.593561E+1	2.557319E-4	8.782227E+1
4.500000E-1	7.416682E+1	7.416682E+1	2.876567E-4	8.800977E+1
5.000000E-1	8.239524E+1	8.239524E+1	3.195707E-4	8.819824E+1
5.000000E-1	8.239480E+1	8.239480E+1	3.195690E-4	8.838574E+1
4.500000E-1	7.415797E+1	7.415797E+1	2.876224E-4	8.857422E+1
4.000000E-1	6.592595E+1	6.592595E+1	2.556944E-4	8.876270E+1
3.500000E-1	5.768342E+1	5.768342E+1	2.237257E-4	8.895020E+1
3.000000E-1	4.943982E+1	4.943982E+1	1.917528E-4	8.913867E+1
2.500000E-1	4.119662E+1	4.119662E+1	1.597815E-4	8.932715E+1
2.000000E-1	3.297285E+1	3.297285E+1	1.278855E-4	8.951465E+1
1.500000E-1	2.475953E+1	2.475953E+1	9.603005E-5	8.989453E+1
1.000000E-1	1.651673E+1	1.651673E+1	6.406031E-5	9.008301E+1
5.000000E-2	8.270523E+0	8.270523E+0	3.207730E-5	9.027051E+1
0.000000E+0	1.435765E-5	1.435765E-5	5.568629E-11	9.177637E+1
-5.000000E-2	8.227259E+0	-8.227259E+0	-3.190950E-5	9.235156E+1
-1.000000E-1	1.647754E+1	-1.647754E+1	-6.390830E-5	9.254004E+1
-1.500000E-1	2.472215E+1	-2.472215E+1	-9.588509E-5	9.272754E+1
-2.000000E-1	3.294320E+1	-3.294320E+1	-1.277705E-4	9.329883E+1
-2.500000E-1	4.117048E+1	-4.117048E+1	-1.596801E-4	9.348730E+1
-3.000000E-1	4.941362E+1	-4.941362E+1	-1.916512E-4	9.367480E+1
-3.500000E-1	5.766481E+1	-5.766481E+1	-2.236535E-4	9.386328E+1
-4.000000E-1	6.591666E+1	-6.591666E+1	-2.556584E-4	9.405176E+1
-4.500000E-1	7.413583E+1	-7.413583E+1	-2.875365E-4	9.423926E+1
-5.000000E-1	8.236551E+1	-8.236551E+1	-3.194554E-4	9.442773E+1
-5.000000E-1	8.237608E+1	-8.237608E+1	-3.194964E-4	9.461621E+1
-4.500000E-1	7.415132E+1	-7.415132E+1	-2.875966E-4	9.480371E+1
-4.000000E-1	6.592092E+1	-6.592092E+1	-2.556749E-4	9.499219E+1
-3.500000E-1	5.766646E+1	-5.766646E+1	-2.236599E-4	9.517969E+1
-3.000000E-1	4.942226E+1	-4.942226E+1	-1.916847E-4	9.536816E+1
-2.500000E-1	4.117657E+1	-4.117657E+1	-1.597037E-4	9.555664E+1
-2.000000E-1	3.294748E+1	-3.294748E+1	-1.277871E-4	9.574414E+1
-1.500000E-1	2.472427E+1	-2.472427E+1	-9.589331E-5	9.612402E+1
-1.000000E-1	1.647645E+1	-1.647645E+1	-6.390405E-5	9.631250E+1
-5.000000E-2	8.228001E+0	-8.228001E+0	-3.191238E-5	9.650000E+1
0.000000E+0	1.093587E-5	1.093587E-5	4.241489E-11	9.778223E+1
0.000000E+0	7.357277E-6	7.357277E-6	2.853527E-11	9.830664E+1
5.000000E-2	8.275514E+0	8.275514E+0	3.209666E-5	9.888184E+1
1.000000E-1	1.652442E+1	1.652442E+1	6.409013E-5	9.906934E+1
1.500000E-1	2.476909E+1	2.476909E+1	9.606716E-5	9.925781E+1
2.000000E-1	3.298718E+1	3.298718E+1	1.279411E-4	9.982910E+1
2.500000E-1	4.121341E+1	4.121341E+1	1.598466E-4	1.000166E+2
3.000000E-1	4.945397E+1	4.945397E+1	1.918077E-4	1.002051E+2
3.500000E-1	5.769629E+1	5.769629E+1	2.237756E-4	1.003926E+2
4.000000E-1	6.593742E+1	6.593742E+1	2.557389E-4	1.005811E+2
4.500000E-1	7.416929E+1	7.416929E+1	2.876663E-4	1.007695E+2
5.000000E-1	8.239588E+1	8.239588E+1	3.195732E-4	1.009570E+2
5.000000E-1	8.239348E+1	8.239348E+1	3.195639E-4	1.011455E+2
4.500000E-1	7.416501E+1	7.416501E+1	2.876497E-4	1.013330E+2
4.000000E-1	6.593497E+1	6.593497E+1	2.557294E-4	1.015215E+2
3.500000E-1	5.769270E+1	5.769270E+1	2.237617E-4	1.017100E+2
3.000000E-1	4.944856E+1	4.944856E+1	1.917867E-4	1.018975E+2
2.500000E-1	4.120603E+1	4.120603E+1	1.598180E-4	1.020859E+2
2.000000E-1	3.297780E+1	3.297780E+1	1.279047E-4	1.022744E+2
1.500000E-1	2.476584E+1	2.476584E+1	9.605455E-5	1.026543E+2
1.000000E-1	1.652133E+1	1.652133E+1	6.407815E-5	1.028418E+2
5.000000E-2	8.272438E+0	8.272438E+0	3.208473E-5	1.030303E+2
0.000000E+0	2.956404E-3	2.956404E-3	1.146644E-8	1.034121E+2
-5.000000E-2	8.227104E+0	-8.227104E+0	-3.190890E-5	1.037930E+2
-1.000000E-1	1.647508E+1	-1.647508E+1	-6.389877E-5	1.039814E+2
-1.500000E-1	2.472046E+1	-2.472046E+1	-9.587854E-5	1.041689E+2
-2.000000E-1	3.294227E+1	-3.294227E+1	-1.277669E-4	1.047402E+2
-2.500000E-1	4.117231E+1	-4.117231E+1	-1.596872E-4	1.049287E+2
-3.000000E-1	4.941362E+1	-4.941362E+1	-1.916512E-4	1.051162E+2
-3.500000E-1	5.766205E+1	-5.766205E+1	-2.236428E-4	1.053047E+2
-4.000000E-1	6.591741E+1	-6.591741E+1	-2.556613E-4	1.054932E+2
-4.500000E-1	7.414572E+1	-7.414572E+1	-2.875749E-4	1.056807E+2
-5.000000E-1	8.237407E+1	-8.237407E+1	-3.194886E-4	1.058691E+2
-5.000000E-1	8.237330E+1	-8.237330E+1	-3.194856E-4	1.060576E+2
-4.500000E-1	7.414261E+1	-7.414261E+1	-2.875628E-4	1.062451E+2
-4.000000E-1	6.591744E+1	-6.591744E+1	-2.556614E-4	1.064336E+2
-3.500000E-1	5.766960E+1	-5.766960E+1	-2.236721E-4	1.066211E+2
-3.000000E-1	4.942275E+1	-4.942275E+1	-1.916866E-4	1.068096E+2
-2.500000E-1	4.117829E+1	-4.117829E+1	-1.597104E-4	1.069980E+2
-2.000000E-1	3.294763E+1	-3.294763E+1	-1.277877E-4	1.071855E+2
-1.500000E-1	2.472641E+1	-2.472641E+1	-9.590162E-5	1.075654E+2
-1.000000E-1	1.647977E+1	-1.647977E+1	-6.391694E-5	1.077539E+2
-5.000000E-2	8.228720E+0	-8.228720E+0	-3.191517E-5	1.079414E+2
0.000000E+0	3.287466E-4	3.287466E-4	1.275047E-9	1.085166E+2
0.000000E+0	3.212549E-4	3.212549E-4	1.245990E-9	1.087061E+2
5.000000E-2	8.274589E+0	8.274589E+0	3.209307E-5	1.094746E+2
1.000000E-1	1.652427E+1	1.652427E+1	6.408955E-5	1.096631E+2
1.500000E-1	2.476903E+1	2.476903E+1	9.606692E-5	1.098516E+2
2.000000E-1	3.298829E+1	3.298829E+1	1.279454E-4	1.104229E+2
2.500000E-1	4.121434E+1	4.121434E+1	1.598502E-4	1.106104E+2
3.000000E-1	4.945632E+1	4.945632E+1	1.918168E-4	1.107988E+2
3.500000E-1	5.769402E+1	5.769402E+1	2.237668E-4	1.109863E+2
4.000000E-1	6.593657E+1	6.593657E+1	2.557356E-4	1.111748E+2
4.500000E-1	7.417156E+1	7.417156E+1	2.876751E-4	1.113633E+2
5.000000E-1	8.240431E+1	8.240431E+1	3.196059E-4	1.115508E+2
5.000000E-1	8.240320E+1	8.240320E+1	3.196016E-4	1.117393E+2
4.500000E-1	7.417030E+1	7.417030E+1	2.876702E-4	1.119268E+2
4.000000E-1	6.593608E+1	6.593608E+1	2.557337E-4	1.121152E+2
3.500000E-1	5.769137E+1	5.769137E+1	2.237565E-4	1.123037E+2
3.000000E-1	4.944724E+1	4.944724E+1	1.917816E-4	1.124912E+2
2.500000E-1	4.120493E+1	4.120493E+1	1.598137E-4	1.126797E+2
2.000000E-1	3.297883E+1	3.297883E+1	1.279087E-4	1.128672E+2
1.500000E-1	2.476505E+1	2.476505E+1	9.605149E-5	1.132471E+2
1.000000E-1	1.652115E+1	1.652115E+1	6.407742E-5	1.134355E+2
5.000000E-2	8.272541E+0	8.272541E+0	3.208513E-5	1.136240E+2
0.000000E+0	1.199391E-5	1.199391E-5	4.651851E-11	1.151289E+2
-5.000000E-2	8.228215E+0	-8.228215E+0	-3.191321E-5	1.157051E+2
-1.000000E-1	1.647809E+1	-1.647809E+1	-6.391043E-5	1.158926E+2
-1.500000E-1	2.472314E+1	-2.472314E+1	-9.588893E-5	1.160811E+2
-2.000000E-1	3.294830E+1	-3.294830E+1	-1.277903E-4	1.166523E+2
-2.500000E-1	4.117644E+1	-4.117644E+1	-1.597032E-4	1.168398E+2
-3.000000E-1	4.942185E+1	-4.942185E+1	-1.916831E-4	1.170283E+2
-3.500000E-1	5.767162E+1	-5.767162E+1	-2.236799E-4	1.172158E+2
-4.000000E-1	6.591909E+1	-6.591909E+1	-2.556678E-4	1.174043E+2
-4.500000E-1	7.414380E+1	-7.414380E+1	-2.875674E-4	1.175928E+2
-5.000000E-1	8.237592E+1	-8.237592E+1	-3.194958E-4	1.177803E+2
-5.000000E-1	8.236896E+1	-8.236896E+1	-3.194688E-4	1.179688E+2
-4.500000E-1	7.413224E+1	-7.413224E+1	-2.875226E-4	1.181572E+2
-4.000000E-1	6.590629E+1	-6.590629E+1	-2.556182E-4	1.183447E+2
-3.500000E-1	5.766202E+1	-5.766202E+1	-2.236427E-4	1.185332E+2
-3.000000E-1	4.941698E+1	-4.941698E+1	-1.916642E-4	1.187207E+2
-2.500000E-1	4.116628E+1	-4.116628E+1	-1.596638E-4	1.189092E+2
-2.000000E-1	3.294263E+1	-3.294263E+1	-1.277683E-4	1.190977E+2
-1.500000E-1	2.472151E+1	-2.472151E+1	-9.588261E-5	1.194775E+2
-1.000000E-1	1.647700E+1	-1.647700E+1	-6.390621E-5	1.196650E+2
-5.000000E-2	8.226774E+0	-8.226774E+0	-3.190762E-5	1.198535E+2
0.000000E+0	3.734375E-5	3.734375E-5	1.448381E-10	1.206523E+2
