voltage_YSR_1_40B	absJ_YSR_1_40B	J_YSR_1_40B	current_YSR_1_40B	time_YSR_1_40B
0.000000E+0	1.458198E-5	1.458198E-5	5.655635E-11	0.000000E+0
5.000000E-2	8.670472E+0	8.670472E+0	3.362851E-5	5.751953E-1
1.000000E-1	1.731510E+1	1.731510E+1	6.715680E-5	7.636719E-1
1.500000E-1	2.595745E+1	2.595745E+1	1.006762E-4	9.521484E-1
2.000000E-1	3.457398E+1	3.457398E+1	1.340955E-4	1.523438E+0
2.500000E-1	4.319858E+1	4.319858E+1	1.675461E-4	1.710938E+0
3.000000E-1	5.184071E+1	5.184071E+1	2.010647E-4	1.899414E+0
3.500000E-1	6.048649E+1	6.048649E+1	2.345974E-4	2.086914E+0
4.000000E-1	6.913452E+1	6.913452E+1	2.681389E-4	2.275391E+0
4.500000E-1	7.776882E+1	7.776882E+1	3.016271E-4	2.463867E+0
5.000000E-1	8.640080E+1	8.640080E+1	3.351063E-4	2.651367E+0
5.000000E-1	8.641198E+1	8.641198E+1	3.351497E-4	2.839844E+0
4.500000E-1	7.778558E+1	7.778558E+1	3.016921E-4	3.028320E+0
4.000000E-1	6.915726E+1	6.915726E+1	2.682271E-4	3.215820E+0
3.500000E-1	6.051193E+1	6.051193E+1	2.346961E-4	3.404297E+0
3.000000E-1	5.187039E+1	5.187039E+1	2.011798E-4	3.591797E+0
2.500000E-1	4.322047E+1	4.322047E+1	1.676310E-4	3.780273E+0
2.000000E-1	3.459404E+1	3.459404E+1	1.341733E-4	3.968750E+0
1.500000E-1	2.596322E+1	2.596322E+1	1.006986E-4	4.156250E+0
1.000000E-1	1.733084E+1	1.733084E+1	6.721784E-5	4.536133E+0
5.000000E-2	8.677540E+0	8.677540E+0	3.365592E-5	4.724609E+0
0.000000E+0	9.602191E-6	9.602191E-6	3.724219E-11	6.229492E+0
-5.000000E-2	8.632662E+0	-8.632662E+0	-3.348186E-5	6.805664E+0
-1.000000E-1	1.728754E+1	-1.728754E+1	-6.704987E-5	6.993164E+0
-1.500000E-1	2.593602E+1	-2.593602E+1	-1.005931E-4	7.181641E+0
-2.000000E-1	3.456712E+1	-3.456712E+1	-1.340689E-4	7.752930E+0
-2.500000E-1	4.320425E+1	-4.320425E+1	-1.675681E-4	7.940430E+0
-3.000000E-1	5.185216E+1	-5.185216E+1	-2.011091E-4	8.128906E+0
-3.500000E-1	6.050533E+1	-6.050533E+1	-2.346705E-4	8.317383E+0
-4.000000E-1	6.916719E+1	-6.916719E+1	-2.682656E-4	8.504883E+0
-4.500000E-1	7.782549E+1	-7.782549E+1	-3.018469E-4	8.693359E+0
-5.000000E-1	8.650323E+1	-8.650323E+1	-3.355036E-4	8.881836E+0
-5.000000E-1	8.652806E+1	-8.652806E+1	-3.355999E-4	9.069336E+0
-4.500000E-1	7.789394E+1	-7.789394E+1	-3.021124E-4	9.257813E+0
-4.000000E-1	6.925132E+1	-6.925132E+1	-2.685919E-4	9.445313E+0
-3.500000E-1	6.058381E+1	-6.058381E+1	-2.349749E-4	9.633789E+0
-3.000000E-1	5.191892E+1	-5.191892E+1	-2.013680E-4	9.822266E+0
-2.500000E-1	4.325638E+1	-4.325638E+1	-1.677703E-4	1.000977E+1
-2.000000E-1	3.461260E+1	-3.461260E+1	-1.342453E-4	1.019824E+1
-1.500000E-1	2.596392E+1	-2.596392E+1	-1.007013E-4	1.038672E+1
-1.000000E-1	1.731169E+1	-1.731169E+1	-6.714357E-5	1.076660E+1
-5.000000E-2	8.644463E+0	-8.644463E+0	-3.352763E-5	1.095410E+1
0.000000E+0	3.535657E-5	3.535657E-5	1.371308E-10	1.175293E+1
0.000000E+0	3.211760E-5	3.211760E-5	1.245684E-10	1.194238E+1
5.000000E-2	8.694846E+0	8.694846E+0	3.372304E-5	1.271191E+1
1.000000E-1	1.736556E+1	1.736556E+1	6.735251E-5	1.290039E+1
1.500000E-1	2.603227E+1	2.603227E+1	1.009664E-4	1.308789E+1
2.000000E-1	3.466241E+1	3.466241E+1	1.344385E-4	1.365918E+1
2.500000E-1	4.330700E+1	4.330700E+1	1.679666E-4	1.384766E+1
3.000000E-1	5.196772E+1	5.196772E+1	2.015573E-4	1.403516E+1
3.500000E-1	6.062092E+1	6.062092E+1	2.351188E-4	1.422363E+1
4.000000E-1	6.926666E+1	6.926666E+1	2.686514E-4	1.441211E+1
4.500000E-1	7.790047E+1	7.790047E+1	3.021377E-4	1.459961E+1
5.000000E-1	8.654124E+1	8.654124E+1	3.356510E-4	1.478809E+1
5.000000E-1	8.653749E+1	8.653749E+1	3.356365E-4	1.497559E+1
4.500000E-1	7.788159E+1	7.788159E+1	3.020645E-4	1.516406E+1
4.000000E-1	6.923433E+1	6.923433E+1	2.685260E-4	1.535254E+1
3.500000E-1	6.057709E+1	6.057709E+1	2.349488E-4	1.554004E+1
3.000000E-1	5.192167E+1	5.192167E+1	2.013787E-4	1.572852E+1
2.500000E-1	4.326420E+1	4.326420E+1	1.678006E-4	1.591699E+1
2.000000E-1	3.463194E+1	3.463194E+1	1.343203E-4	1.610449E+1
1.500000E-1	2.599202E+1	2.599202E+1	1.008103E-4	1.629297E+1
1.000000E-1	1.734946E+1	1.734946E+1	6.729003E-5	1.667285E+1
5.000000E-2	8.688188E+0	8.688188E+0	3.369722E-5	1.686035E+1
0.000000E+0	1.441523E-5	1.441523E-5	5.590960E-11	1.836621E+1
-5.000000E-2	8.643145E+0	-8.643145E+0	-3.352252E-5	1.894141E+1
-1.000000E-1	1.730780E+1	-1.730780E+1	-6.712845E-5	1.912988E+1
-1.500000E-1	2.596864E+1	-2.596864E+1	-1.007196E-4	1.931836E+1
-2.000000E-1	3.460595E+1	-3.460595E+1	-1.342195E-4	1.988867E+1
-2.500000E-1	4.325020E+1	-4.325020E+1	-1.677463E-4	2.007715E+1
-3.000000E-1	5.190883E+1	-5.190883E+1	-2.013289E-4	2.026562E+1
-3.500000E-1	6.057430E+1	-6.057430E+1	-2.349380E-4	2.045313E+1
-4.000000E-1	6.925343E+1	-6.925343E+1	-2.686001E-4	2.064160E+1
-4.500000E-1	7.792924E+1	-7.792924E+1	-3.022493E-4	2.082910E+1
-5.000000E-1	8.660850E+1	-8.660850E+1	-3.359119E-4	2.101758E+1
-5.000000E-1	8.662560E+1	-8.662560E+1	-3.359782E-4	2.120605E+1
-4.500000E-1	7.797467E+1	-7.797467E+1	-3.024255E-4	2.139355E+1
-4.000000E-1	6.932511E+1	-6.932511E+1	-2.688781E-4	2.158203E+1
-3.500000E-1	6.065085E+1	-6.065085E+1	-2.352349E-4	2.177051E+1
-3.000000E-1	5.197832E+1	-5.197832E+1	-2.015984E-4	2.195801E+1
-2.500000E-1	4.330612E+1	-4.330612E+1	-1.679632E-4	2.214648E+1
-2.000000E-1	3.465138E+1	-3.465138E+1	-1.343957E-4	2.233398E+1
-1.500000E-1	2.599241E+1	-2.599241E+1	-1.008118E-4	2.252246E+1
-1.000000E-1	1.733129E+1	-1.733129E+1	-6.721957E-5	2.290234E+1
-5.000000E-2	8.653698E+0	-8.653698E+0	-3.356345E-5	2.309082E+1
0.000000E+0	1.211254E-5	1.211254E-5	4.697859E-11	2.459570E+1
0.000000E+0	7.625754E-6	7.625754E-6	2.957656E-11	2.511914E+1
5.000000E-2	8.703741E+0	8.703741E+0	3.375754E-5	2.569434E+1
1.000000E-1	1.738118E+1	1.738118E+1	6.741307E-5	2.588281E+1
1.500000E-1	2.605447E+1	2.605447E+1	1.010525E-4	2.607129E+1
2.000000E-1	3.469106E+1	3.469106E+1	1.345496E-4	2.664258E+1
2.500000E-1	4.334191E+1	4.334191E+1	1.681020E-4	2.683008E+1
3.000000E-1	5.200681E+1	5.200681E+1	2.017089E-4	2.701855E+1
3.500000E-1	6.066973E+1	6.066973E+1	2.353081E-4	2.720605E+1
4.000000E-1	6.932333E+1	6.932333E+1	2.688712E-4	2.739453E+1
4.500000E-1	7.795316E+1	7.795316E+1	3.023421E-4	2.758301E+1
5.000000E-1	8.659902E+1	8.659902E+1	3.358751E-4	2.777051E+1
5.000000E-1	8.660208E+1	8.660208E+1	3.358870E-4	2.795898E+1
4.500000E-1	7.794384E+1	7.794384E+1	3.023059E-4	2.814746E+1
4.000000E-1	6.929902E+1	6.929902E+1	2.687769E-4	2.833496E+1
3.500000E-1	6.062613E+1	6.062613E+1	2.351390E-4	2.852344E+1
3.000000E-1	5.195749E+1	5.195749E+1	2.015176E-4	2.871094E+1
2.500000E-1	4.329369E+1	4.329369E+1	1.679150E-4	2.889941E+1
2.000000E-1	3.464594E+1	3.464594E+1	1.343746E-4	2.908789E+1
1.500000E-1	2.600200E+1	2.600200E+1	1.008490E-4	2.927539E+1
1.000000E-1	1.735726E+1	1.735726E+1	6.732029E-5	2.965527E+1
5.000000E-2	8.692272E+0	8.692272E+0	3.371306E-5	2.984375E+1
0.000000E+0	1.202783E-5	1.202783E-5	4.665006E-11	3.134863E+1
-5.000000E-2	8.644622E+0	-8.644622E+0	-3.352825E-5	3.192480E+1
-1.000000E-1	1.731215E+1	-1.731215E+1	-6.714532E-5	3.211230E+1
-1.500000E-1	2.597611E+1	-2.597611E+1	-1.007486E-4	3.230078E+1
-2.000000E-1	3.461361E+1	-3.461361E+1	-1.342492E-4	3.287207E+1
-2.500000E-1	4.325912E+1	-4.325912E+1	-1.677809E-4	3.305957E+1
-3.000000E-1	5.192425E+1	-5.192425E+1	-2.013887E-4	3.324805E+1
-3.500000E-1	6.059366E+1	-6.059366E+1	-2.350131E-4	3.343652E+1
-4.000000E-1	6.929263E+1	-6.929263E+1	-2.687521E-4	3.362402E+1
-4.500000E-1	7.795930E+1	-7.795930E+1	-3.023659E-4	3.381250E+1
-5.000000E-1	8.664656E+1	-8.664656E+1	-3.360595E-4	3.400098E+1
-5.000000E-1	8.666585E+1	-8.666585E+1	-3.361343E-4	3.418848E+1
-4.500000E-1	7.800850E+1	-7.800850E+1	-3.025567E-4	3.437695E+1
-4.000000E-1	6.934992E+1	-6.934992E+1	-2.689743E-4	3.456445E+1
-3.500000E-1	6.067202E+1	-6.067202E+1	-2.353170E-4	3.475293E+1
-3.000000E-1	5.199358E+1	-5.199358E+1	-2.016576E-4	3.494141E+1
-2.500000E-1	4.331940E+1	-4.331940E+1	-1.680147E-4	3.512891E+1
-2.000000E-1	3.466342E+1	-3.466342E+1	-1.344424E-4	3.531738E+1
-1.500000E-1	2.600048E+1	-2.600048E+1	-1.008431E-4	3.550586E+1
-1.000000E-1	1.733618E+1	-1.733618E+1	-6.723855E-5	3.588574E+1
-5.000000E-2	8.655998E+0	-8.655998E+0	-3.357237E-5	3.607324E+1
0.000000E+0	3.226257E-4	3.226257E-4	1.251307E-9	3.664844E+1
0.000000E+0	3.210014E-4	3.210014E-4	1.245007E-9	3.683691E+1
5.000000E-2	8.706613E+0	8.706613E+0	3.376868E-5	3.760645E+1
1.000000E-1	1.738660E+1	1.738660E+1	6.743409E-5	3.779492E+1
1.500000E-1	2.606187E+1	2.606187E+1	1.010812E-4	3.798242E+1
2.000000E-1	3.470516E+1	3.470516E+1	1.346043E-4	3.855371E+1
2.500000E-1	4.335908E+1	4.335908E+1	1.681686E-4	3.874219E+1
3.000000E-1	5.203091E+1	5.203091E+1	2.018024E-4	3.892969E+1
3.500000E-1	6.070301E+1	6.070301E+1	2.354372E-4	3.911816E+1
4.000000E-1	6.936559E+1	6.936559E+1	2.690351E-4	3.930664E+1
4.500000E-1	7.799076E+1	7.799076E+1	3.024879E-4	3.949414E+1
5.000000E-1	8.662562E+1	8.662562E+1	3.359783E-4	3.968262E+1
5.000000E-1	8.662892E+1	8.662892E+1	3.359911E-4	3.987012E+1
4.500000E-1	7.797867E+1	7.797867E+1	3.024410E-4	4.005859E+1
4.000000E-1	6.932377E+1	6.932377E+1	2.688729E-4	4.024707E+1
3.500000E-1	6.065217E+1	6.065217E+1	2.352400E-4	4.043457E+1
3.000000E-1	5.198402E+1	5.198402E+1	2.016205E-4	4.062305E+1
2.500000E-1	4.331865E+1	4.331865E+1	1.680118E-4	4.081152E+1
2.000000E-1	3.466631E+1	3.466631E+1	1.344536E-4	4.099902E+1
1.500000E-1	2.601528E+1	2.601528E+1	1.009005E-4	4.118750E+1
1.000000E-1	1.736589E+1	1.736589E+1	6.735377E-5	4.156738E+1
5.000000E-2	8.695949E+0	8.695949E+0	3.372732E-5	4.175488E+1
0.000000E+0	1.464506E-5	1.464506E-5	5.680102E-11	4.326074E+1
-5.000000E-2	8.649763E+0	-8.649763E+0	-3.354819E-5	4.383594E+1
-1.000000E-1	1.732200E+1	-1.732200E+1	-6.718352E-5	4.402441E+1
-1.500000E-1	2.599011E+1	-2.599011E+1	-1.008029E-4	4.421289E+1
-2.000000E-1	3.463490E+1	-3.463490E+1	-1.343318E-4	4.478320E+1
-2.500000E-1	4.328771E+1	-4.328771E+1	-1.678918E-4	4.497168E+1
-3.000000E-1	5.195888E+1	-5.195888E+1	-2.015230E-4	4.516016E+1
-3.500000E-1	6.063157E+1	-6.063157E+1	-2.351601E-4	4.534766E+1
-4.000000E-1	6.931289E+1	-6.931289E+1	-2.688307E-4	4.553613E+1
-4.500000E-1	7.799331E+1	-7.799331E+1	-3.024978E-4	4.572363E+1
-5.000000E-1	8.667897E+1	-8.667897E+1	-3.361852E-4	4.591211E+1
-5.000000E-1	8.669410E+1	-8.669410E+1	-3.362439E-4	4.610059E+1
-4.500000E-1	7.804001E+1	-7.804001E+1	-3.026789E-4	4.628809E+1
-4.000000E-1	6.937639E+1	-6.937639E+1	-2.690770E-4	4.647656E+1
-3.500000E-1	6.069329E+1	-6.069329E+1	-2.353995E-4	4.666504E+1
-3.000000E-1	5.201576E+1	-5.201576E+1	-2.017436E-4	4.685254E+1
-2.500000E-1	4.333714E+1	-4.333714E+1	-1.680835E-4	4.704102E+1
-2.000000E-1	3.467605E+1	-3.467605E+1	-1.344914E-4	4.722852E+1
-1.500000E-1	2.600999E+1	-2.600999E+1	-1.008800E-4	4.741699E+1
-1.000000E-1	1.734305E+1	-1.734305E+1	-6.726519E-5	4.779687E+1
-5.000000E-2	8.659094E+0	-8.659094E+0	-3.358438E-5	4.798535E+1
0.000000E+0	1.188855E-5	1.188855E-5	4.610986E-11	4.949023E+1
0.000000E+0	7.282901E-6	7.282901E-6	2.824680E-11	5.001465E+1
5.000000E-2	8.710620E+0	8.710620E+0	3.378422E-5	5.058984E+1
1.000000E-1	1.739310E+1	1.739310E+1	6.745930E-5	5.077734E+1
1.500000E-1	2.607151E+1	2.607151E+1	1.011186E-4	5.096582E+1
2.000000E-1	3.471475E+1	3.471475E+1	1.346415E-4	5.153711E+1
2.500000E-1	4.337161E+1	4.337161E+1	1.682172E-4	5.172461E+1
3.000000E-1	5.204582E+1	5.204582E+1	2.018602E-4	5.191309E+1
3.500000E-1	6.071500E+1	6.071500E+1	2.354837E-4	5.210059E+1
4.000000E-1	6.937596E+1	6.937596E+1	2.690753E-4	5.228906E+1
4.500000E-1	7.801739E+1	7.801739E+1	3.025912E-4	5.247754E+1
5.000000E-1	8.665009E+1	8.665009E+1	3.360732E-4	5.266504E+1
5.000000E-1	8.662993E+1	8.662993E+1	3.359950E-4	5.285352E+1
4.500000E-1	7.798225E+1	7.798225E+1	3.024549E-4	5.304199E+1
4.000000E-1	6.932493E+1	6.932493E+1	2.688774E-4	5.322949E+1
3.500000E-1	6.066147E+1	6.066147E+1	2.352761E-4	5.341797E+1
3.000000E-1	5.199152E+1	5.199152E+1	2.016496E-4	5.360547E+1
2.500000E-1	4.332675E+1	4.332675E+1	1.680432E-4	5.379395E+1
2.000000E-1	3.467902E+1	3.467902E+1	1.345029E-4	5.398242E+1
1.500000E-1	2.602551E+1	2.602551E+1	1.009402E-4	5.416992E+1
1.000000E-1	1.737219E+1	1.737219E+1	6.737821E-5	5.454980E+1
5.000000E-2	8.699577E+0	8.699577E+0	3.374139E-5	5.473828E+1
0.000000E+0	2.703456E-5	2.703456E-5	1.048538E-10	5.553711E+1
-5.000000E-2	8.651099E+0	-8.651099E+0	-3.355337E-5	5.630762E+1
-1.000000E-1	1.732644E+1	-1.732644E+1	-6.720077E-5	5.649512E+1
-1.500000E-1	2.599803E+1	-2.599803E+1	-1.008336E-4	5.668359E+1
-2.000000E-1	3.464176E+1	-3.464176E+1	-1.343584E-4	5.725488E+1
-2.500000E-1	4.329289E+1	-4.329289E+1	-1.679119E-4	5.744238E+1
-3.000000E-1	5.196458E+1	-5.196458E+1	-2.015451E-4	5.763086E+1
-3.500000E-1	6.063953E+1	-6.063953E+1	-2.351910E-4	5.781934E+1
-4.000000E-1	6.932225E+1	-6.932225E+1	-2.688670E-4	5.800684E+1
-4.500000E-1	7.800265E+1	-7.800265E+1	-3.025340E-4	5.819531E+1
-5.000000E-1	8.670205E+1	-8.670205E+1	-3.362747E-4	5.838281E+1
-5.000000E-1	8.671837E+1	-8.671837E+1	-3.363380E-4	5.857129E+1
-4.500000E-1	7.805323E+1	-7.805323E+1	-3.027302E-4	5.875977E+1
-4.000000E-1	6.938955E+1	-6.938955E+1	-2.691280E-4	5.894727E+1
-3.500000E-1	6.070597E+1	-6.070597E+1	-2.354487E-4	5.913574E+1
-3.000000E-1	5.202280E+1	-5.202280E+1	-2.017709E-4	5.932422E+1
-2.500000E-1	4.334219E+1	-4.334219E+1	-1.681031E-4	5.951172E+1
-2.000000E-1	3.468180E+1	-3.468180E+1	-1.345137E-4	5.970020E+1
-1.500000E-1	2.601453E+1	-2.601453E+1	-1.008976E-4	5.988770E+1
-1.000000E-1	1.734636E+1	-1.734636E+1	-6.727804E-5	6.026758E+1
-5.000000E-2	8.661033E+0	-8.661033E+0	-3.359190E-5	6.045605E+1
0.000000E+0	4.048692E-5	4.048692E-5	1.570289E-10	6.125488E+1
0.000000E+0	3.224030E-5	3.224030E-5	1.250443E-10	6.144434E+1
5.000000E-2	8.710434E+0	8.710434E+0	3.378350E-5	6.221387E+1
1.000000E-1	1.739427E+1	1.739427E+1	6.746386E-5	6.240137E+1
1.500000E-1	2.607332E+1	2.607332E+1	1.011256E-4	6.258984E+1
2.000000E-1	3.471909E+1	3.471909E+1	1.346583E-4	6.316113E+1
2.500000E-1	4.337648E+1	4.337648E+1	1.682361E-4	6.334961E+1
3.000000E-1	5.204631E+1	5.204631E+1	2.018621E-4	6.353711E+1
3.500000E-1	6.071660E+1	6.071660E+1	2.354899E-4	6.372559E+1
4.000000E-1	6.938645E+1	6.938645E+1	2.691160E-4	6.391309E+1
4.500000E-1	7.803408E+1	7.803408E+1	3.026559E-4	6.410156E+1
5.000000E-1	8.667038E+1	8.667038E+1	3.361519E-4	6.429004E+1
5.000000E-1	8.667038E+1	8.667038E+1	3.361519E-4	6.447754E+1
4.500000E-1	7.800729E+1	7.800729E+1	3.025520E-4	6.466602E+1
4.000000E-1	6.934850E+1	6.934850E+1	2.689688E-4	6.485352E+1
3.500000E-1	6.067491E+1	6.067491E+1	2.353282E-4	6.504199E+1
3.000000E-1	5.200655E+1	5.200655E+1	2.017079E-4	6.523047E+1
2.500000E-1	4.333415E+1	4.333415E+1	1.680719E-4	6.541797E+1
2.000000E-1	3.468289E+1	3.468289E+1	1.345179E-4	6.560645E+1
1.500000E-1	2.602887E+1	2.602887E+1	1.009532E-4	6.579492E+1
1.000000E-1	1.737546E+1	1.737546E+1	6.739090E-5	6.617480E+1
5.000000E-2	8.700324E+0	8.700324E+0	3.374429E-5	6.636230E+1
0.000000E+0	1.243390E-5	1.243390E-5	4.822501E-11	6.786816E+1
-5.000000E-2	8.653909E+0	-8.653909E+0	-3.356427E-5	6.844336E+1
-1.000000E-1	1.732988E+1	-1.732988E+1	-6.721412E-5	6.863184E+1
-1.500000E-1	2.600218E+1	-2.600218E+1	-1.008497E-4	6.881934E+1
-2.000000E-1	3.464808E+1	-3.464808E+1	-1.343829E-4	6.939062E+1
-2.500000E-1	4.330246E+1	-4.330246E+1	-1.679490E-4	6.957910E+1
-3.000000E-1	5.197381E+1	-5.197381E+1	-2.015809E-4	6.976660E+1
-3.500000E-1	6.064703E+1	-6.064703E+1	-2.352201E-4	6.995508E+1
-4.000000E-1	6.933096E+1	-6.933096E+1	-2.689008E-4	7.014355E+1
-4.500000E-1	7.801497E+1	-7.801497E+1	-3.025818E-4	7.033105E+1
-5.000000E-1	8.670127E+1	-8.670127E+1	-3.362717E-4	7.051953E+1
-5.000000E-1	8.671589E+1	-8.671589E+1	-3.363284E-4	7.070801E+1
-4.500000E-1	7.806249E+1	-7.806249E+1	-3.027661E-4	7.089551E+1
-4.000000E-1	6.940143E+1	-6.940143E+1	-2.691741E-4	7.108398E+1
-3.500000E-1	6.071567E+1	-6.071567E+1	-2.354863E-4	7.127148E+1
-3.000000E-1	5.203203E+1	-5.203203E+1	-2.018067E-4	7.145996E+1
-2.500000E-1	4.334975E+1	-4.334975E+1	-1.681324E-4	7.164844E+1
-2.000000E-1	3.468724E+1	-3.468724E+1	-1.345348E-4	7.183594E+1
-1.500000E-1	2.601935E+1	-2.601935E+1	-1.009163E-4	7.202441E+1
-1.000000E-1	1.734921E+1	-1.734921E+1	-6.728909E-5	7.240430E+1
-5.000000E-2	8.662761E+0	-8.662761E+0	-3.359860E-5	7.259180E+1
0.000000E+0	4.055749E-5	4.055749E-5	1.573026E-10	7.339062E+1
0.000000E+0	3.407500E-5	3.407500E-5	1.321602E-10	7.358008E+1
5.000000E-2	8.711532E+0	8.711532E+0	3.378776E-5	7.435059E+1
1.000000E-1	1.739724E+1	1.739724E+1	6.747536E-5	7.453809E+1
1.500000E-1	2.607690E+1	2.607690E+1	1.011395E-4	7.472656E+1
2.000000E-1	3.472334E+1	3.472334E+1	1.346748E-4	7.529785E+1
2.500000E-1	4.338143E+1	4.338143E+1	1.682553E-4	7.548535E+1
3.000000E-1	5.205170E+1	5.205170E+1	2.018830E-4	7.567383E+1
3.500000E-1	6.072155E+1	6.072155E+1	2.355091E-4	7.586133E+1
4.000000E-1	6.938905E+1	6.938905E+1	2.691261E-4	7.604980E+1
4.500000E-1	7.803562E+1	7.803562E+1	3.026619E-4	7.623828E+1
5.000000E-1	8.667088E+1	8.667088E+1	3.361538E-4	7.642578E+1
5.000000E-1	8.665899E+1	8.665899E+1	3.361077E-4	7.661426E+1
4.500000E-1	7.800203E+1	7.800203E+1	3.025316E-4	7.680176E+1
4.000000E-1	6.934310E+1	6.934310E+1	2.689479E-4	7.699023E+1
3.500000E-1	6.067702E+1	6.067702E+1	2.353364E-4	7.717871E+1
3.000000E-1	5.200977E+1	5.200977E+1	2.017204E-4	7.736621E+1
2.500000E-1	4.333675E+1	4.333675E+1	1.680820E-4	7.755469E+1
2.000000E-1	3.468456E+1	3.468456E+1	1.345244E-4	7.774316E+1
1.500000E-1	2.603008E+1	2.603008E+1	1.009579E-4	7.793066E+1
1.000000E-1	1.737589E+1	1.737589E+1	6.739254E-5	7.831055E+1
5.000000E-2	8.700239E+0	8.700239E+0	3.374396E-5	7.849902E+1
0.000000E+0	1.051182E-5	1.051182E-5	4.077019E-11	8.000391E+1
-5.000000E-2	8.654070E+0	-8.654070E+0	-3.356489E-5	8.058008E+1
-1.000000E-1	1.733077E+1	-1.733077E+1	-6.721755E-5	8.076758E+1
-1.500000E-1	2.600303E+1	-2.600303E+1	-1.008530E-4	8.095605E+1
-2.000000E-1	3.464991E+1	-3.464991E+1	-1.343900E-4	8.152734E+1
-2.500000E-1	4.330630E+1	-4.330630E+1	-1.679639E-4	8.171484E+1
-3.000000E-1	5.198113E+1	-5.198113E+1	-2.016093E-4	8.190332E+1
-3.500000E-1	6.066686E+1	-6.066686E+1	-2.352970E-4	8.209180E+1
-4.000000E-1	6.935711E+1	-6.935711E+1	-2.690022E-4	8.227930E+1
-4.500000E-1	7.804073E+1	-7.804073E+1	-3.026817E-4	8.246777E+1
-5.000000E-1	8.672930E+1	-8.672930E+1	-3.363804E-4	8.265625E+1
-5.000000E-1	8.673837E+1	-8.673837E+1	-3.364156E-4	8.284375E+1
-4.500000E-1	7.806669E+1	-7.806669E+1	-3.027824E-4	8.303223E+1
-4.000000E-1	6.940055E+1	-6.940055E+1	-2.691707E-4	8.321973E+1
-3.500000E-1	6.071639E+1	-6.071639E+1	-2.354891E-4	8.340820E+1
-3.000000E-1	5.203298E+1	-5.203298E+1	-2.018104E-4	8.359668E+1
-2.500000E-1	4.335006E+1	-4.335006E+1	-1.681336E-4	8.378418E+1
-2.000000E-1	3.468701E+1	-3.468701E+1	-1.345339E-4	8.397266E+1
-1.500000E-1	2.601940E+1	-2.601940E+1	-1.009165E-4	8.416113E+1
-1.000000E-1	1.734961E+1	-1.734961E+1	-6.729063E-5	8.454102E+1
-5.000000E-2	8.663361E+0	-8.663361E+0	-3.360093E-5	8.472852E+1
0.000000E+0	3.474905E-4	3.474905E-4	1.347745E-9	8.530371E+1
0.000000E+0	3.144646E-4	3.144646E-4	1.219654E-9	8.549316E+1
5.000000E-2	8.713468E+0	8.713468E+0	3.379527E-5	8.626172E+1
1.000000E-1	1.739971E+1	1.739971E+1	6.748495E-5	8.645020E+1
1.500000E-1	2.608136E+1	2.608136E+1	1.011568E-4	8.663770E+1
2.000000E-1	3.472893E+1	3.472893E+1	1.346965E-4	8.720898E+1
2.500000E-1	4.338713E+1	4.338713E+1	1.682774E-4	8.739746E+1
3.000000E-1	5.205982E+1	5.205982E+1	2.019145E-4	8.758496E+1
3.500000E-1	6.073160E+1	6.073160E+1	2.355481E-4	8.777344E+1
4.000000E-1	6.939627E+1	6.939627E+1	2.691541E-4	8.796191E+1
4.500000E-1	7.804733E+1	7.804733E+1	3.027073E-4	8.814941E+1
5.000000E-1	8.669908E+1	8.669908E+1	3.362632E-4	8.833789E+1
5.000000E-1	8.669021E+1	8.669021E+1	3.362288E-4	8.852637E+1
4.500000E-1	7.802209E+1	7.802209E+1	3.026094E-4	8.871387E+1
4.000000E-1	6.935502E+1	6.935502E+1	2.689941E-4	8.890234E+1
3.500000E-1	6.068225E+1	6.068225E+1	2.353567E-4	8.908984E+1
3.000000E-1	5.201650E+1	5.201650E+1	2.017465E-4	8.927832E+1
2.500000E-1	4.334750E+1	4.334750E+1	1.681237E-4	8.946680E+1
2.000000E-1	3.469505E+1	3.469505E+1	1.345651E-4	8.965430E+1
1.500000E-1	2.603683E+1	2.603683E+1	1.009841E-4	8.984277E+1
1.000000E-1	1.738167E+1	1.738167E+1	6.741496E-5	9.022266E+1
5.000000E-2	8.703730E+0	8.703730E+0	3.375750E-5	9.041016E+1
0.000000E+0	1.376745E-5	1.376745E-5	5.339720E-11	9.191602E+1
-5.000000E-2	8.657604E+0	-8.657604E+0	-3.357860E-5	9.249121E+1
-1.000000E-1	1.733806E+1	-1.733806E+1	-6.724583E-5	9.267969E+1
-1.500000E-1	2.601337E+1	-2.601337E+1	-1.008931E-4	9.286719E+1
-2.000000E-1	3.466298E+1	-3.466298E+1	-1.344407E-4	9.343848E+1
-2.500000E-1	4.332164E+1	-4.332164E+1	-1.680234E-4	9.362695E+1
-3.000000E-1	5.199531E+1	-5.199531E+1	-2.016643E-4	9.381543E+1
-3.500000E-1	6.067695E+1	-6.067695E+1	-2.353361E-4	9.400293E+1
-4.000000E-1	6.936084E+1	-6.936084E+1	-2.690167E-4	9.419141E+1
-4.500000E-1	7.804042E+1	-7.804042E+1	-3.026805E-4	9.437891E+1
-5.000000E-1	8.672123E+1	-8.672123E+1	-3.363491E-4	9.456738E+1
-5.000000E-1	8.673126E+1	-8.673126E+1	-3.363880E-4	9.475586E+1
-4.500000E-1	7.806538E+1	-7.806538E+1	-3.027773E-4	9.494336E+1
-4.000000E-1	6.940483E+1	-6.940483E+1	-2.691873E-4	9.513184E+1
-3.500000E-1	6.071856E+1	-6.071856E+1	-2.354975E-4	9.532031E+1
-3.000000E-1	5.203636E+1	-5.203636E+1	-2.018235E-4	9.550781E+1
-2.500000E-1	4.335398E+1	-4.335398E+1	-1.681488E-4	9.569629E+1
-2.000000E-1	3.469098E+1	-3.469098E+1	-1.345493E-4	9.588379E+1
-1.500000E-1	2.602069E+1	-2.602069E+1	-1.009215E-4	9.607227E+1
-1.000000E-1	1.734947E+1	-1.734947E+1	-6.729009E-5	9.645215E+1
-5.000000E-2	8.663233E+0	-8.663233E+0	-3.360043E-5	9.664063E+1
0.000000E+0	2.797175E-4	2.797175E-4	1.084887E-9	9.721582E+1
0.000000E+0	3.149014E-4	3.149014E-4	1.221348E-9	9.740430E+1
5.000000E-2	8.712930E+0	8.712930E+0	3.379318E-5	9.817383E+1
1.000000E-1	1.739900E+1	1.739900E+1	6.748220E-5	9.836133E+1
1.500000E-1	2.607883E+1	2.607883E+1	1.011470E-4	9.854980E+1
2.000000E-1	3.472401E+1	3.472401E+1	1.346774E-4	9.912109E+1
2.500000E-1	4.338187E+1	4.338187E+1	1.682570E-4	9.930859E+1
3.000000E-1	5.205899E+1	5.205899E+1	2.019113E-4	9.949707E+1
3.500000E-1	6.073127E+1	6.073127E+1	2.355468E-4	9.968457E+1
4.000000E-1	6.940199E+1	6.940199E+1	2.691763E-4	9.987305E+1
4.500000E-1	7.805739E+1	7.805739E+1	3.027463E-4	1.000615E+2
5.000000E-1	8.671110E+1	8.671110E+1	3.363098E-4	1.002490E+2
5.000000E-1	8.670602E+1	8.670602E+1	3.362901E-4	1.004375E+2
4.500000E-1	7.804764E+1	7.804764E+1	3.027085E-4	1.006260E+2
4.000000E-1	6.938781E+1	6.938781E+1	2.691213E-4	1.008135E+2
3.500000E-1	6.070848E+1	6.070848E+1	2.354584E-4	1.010020E+2
3.000000E-1	5.203339E+1	5.203339E+1	2.018120E-4	1.011895E+2
2.500000E-1	4.336011E+1	4.336011E+1	1.681726E-4	1.013779E+2
2.000000E-1	3.470514E+1	3.470514E+1	1.346042E-4	1.015664E+2
1.500000E-1	2.604539E+1	2.604539E+1	1.010173E-4	1.017539E+2
1.000000E-1	1.738527E+1	1.738527E+1	6.742894E-5	1.021338E+2
5.000000E-2	8.706014E+0	8.706014E+0	3.376636E-5	1.023223E+2
0.000000E+0	1.415566E-5	1.415566E-5	5.490285E-11	1.038271E+2
-5.000000E-2	8.657790E+0	-8.657790E+0	-3.357932E-5	1.044033E+2
-1.000000E-1	1.733917E+1	-1.733917E+1	-6.725015E-5	1.045908E+2
-1.500000E-1	2.601471E+1	-2.601471E+1	-1.008983E-4	1.047793E+2
-2.000000E-1	3.466448E+1	-3.466448E+1	-1.344465E-4	1.053506E+2
-2.500000E-1	4.332015E+1	-4.332015E+1	-1.680176E-4	1.055381E+2
-3.000000E-1	5.199639E+1	-5.199639E+1	-2.016685E-4	1.057266E+2
-3.500000E-1	6.067537E+1	-6.067537E+1	-2.353300E-4	1.059150E+2
-4.000000E-1	6.935384E+1	-6.935384E+1	-2.689895E-4	1.061025E+2
-4.500000E-1	7.803271E+1	-7.803271E+1	-3.026506E-4	1.062910E+2
-5.000000E-1	8.671519E+1	-8.671519E+1	-3.363257E-4	1.064795E+2
-5.000000E-1	8.671984E+1	-8.671984E+1	-3.363437E-4	1.066670E+2
-4.500000E-1	7.805390E+1	-7.805390E+1	-3.027328E-4	1.068555E+2
-4.000000E-1	6.939003E+1	-6.939003E+1	-2.691299E-4	1.070430E+2
-3.500000E-1	6.070894E+1	-6.070894E+1	-2.354602E-4	1.072314E+2
-3.000000E-1	5.202803E+1	-5.202803E+1	-2.017912E-4	1.074199E+2
-2.500000E-1	4.334774E+1	-4.334774E+1	-1.681246E-4	1.076074E+2
-2.000000E-1	3.468495E+1	-3.468495E+1	-1.345259E-4	1.077959E+2
-1.500000E-1	2.601595E+1	-2.601595E+1	-1.009031E-4	1.079844E+2
-1.000000E-1	1.734718E+1	-1.734718E+1	-6.728119E-5	1.083633E+2
-5.000000E-2	8.661515E+0	-8.661515E+0	-3.359377E-5	1.085518E+2
0.000000E+0	1.109877E-5	1.109877E-5	4.304667E-11	1.098340E+2
0.000000E+0	7.561567E-6	7.561567E-6	2.932761E-11	1.103574E+2
5.000000E-2	8.709454E+0	8.709454E+0	3.377970E-5	1.109326E+2
1.000000E-1	1.739338E+1	1.739338E+1	6.746038E-5	1.111211E+2
1.500000E-1	2.607120E+1	2.607120E+1	1.011174E-4	1.113086E+2
2.000000E-1	3.471550E+1	3.471550E+1	1.346444E-4	1.118799E+2
2.500000E-1	4.337151E+1	4.337151E+1	1.682168E-4	1.120684E+2
3.000000E-1	5.204255E+1	5.204255E+1	2.018475E-4	1.122559E+2
3.500000E-1	6.071064E+1	6.071064E+1	2.354668E-4	1.124443E+2
4.000000E-1	6.938722E+1	6.938722E+1	2.691190E-4	1.126328E+2
4.500000E-1	7.804323E+1	7.804323E+1	3.026914E-4	1.128203E+2
5.000000E-1	8.669539E+1	8.669539E+1	3.362489E-4	1.130088E+2
5.000000E-1	8.669284E+1	8.669284E+1	3.362390E-4	1.131973E+2
4.500000E-1	7.802941E+1	7.802941E+1	3.026378E-4	1.133848E+2
4.000000E-1	6.936490E+1	6.936490E+1	2.690324E-4	1.135732E+2
3.500000E-1	6.068909E+1	6.068909E+1	2.353832E-4	1.137607E+2
3.000000E-1	5.201676E+1	5.201676E+1	2.017475E-4	1.139492E+2
2.500000E-1	4.334637E+1	4.334637E+1	1.681193E-4	1.141377E+2
2.000000E-1	3.469325E+1	3.469325E+1	1.345581E-4	1.143252E+2
1.500000E-1	2.603500E+1	2.603500E+1	1.009770E-4	1.145137E+2
1.000000E-1	1.737932E+1	1.737932E+1	6.740587E-5	1.148936E+2
5.000000E-2	8.702325E+0	8.702325E+0	3.375205E-5	1.150811E+2
0.000000E+0	2.992072E-3	2.992072E-3	1.160478E-8	1.154629E+2
-5.000000E-2	8.654490E+0	-8.654490E+0	-3.356652E-5	1.158447E+2
-1.000000E-1	1.733154E+1	-1.733154E+1	-6.722055E-5	1.160322E+2
-1.500000E-1	2.600538E+1	-2.600538E+1	-1.008621E-4	1.162207E+2
-2.000000E-1	3.465561E+1	-3.465561E+1	-1.344121E-4	1.167920E+2
-2.500000E-1	4.331115E+1	-4.331115E+1	-1.679827E-4	1.169795E+2
-3.000000E-1	5.198678E+1	-5.198678E+1	-2.016312E-4	1.171680E+2
-3.500000E-1	6.066557E+1	-6.066557E+1	-2.352920E-4	1.173564E+2
-4.000000E-1	6.934718E+1	-6.934718E+1	-2.689637E-4	1.175439E+2
-4.500000E-1	7.800917E+1	-7.800917E+1	-3.025593E-4	1.177324E+2
-5.000000E-1	8.667603E+1	-8.667603E+1	-3.361738E-4	1.179209E+2
-5.000000E-1	8.667541E+1	-8.667541E+1	-3.361714E-4	1.181084E+2
-4.500000E-1	7.802750E+1	-7.802750E+1	-3.026304E-4	1.182969E+2
-4.000000E-1	6.937374E+1	-6.937374E+1	-2.690667E-4	1.184844E+2
-3.500000E-1	6.068893E+1	-6.068893E+1	-2.353826E-4	1.186729E+2
-3.000000E-1	5.200885E+1	-5.200885E+1	-2.017168E-4	1.188613E+2
-2.500000E-1	4.333286E+1	-4.333286E+1	-1.680669E-4	1.190488E+2
-2.000000E-1	3.467373E+1	-3.467373E+1	-1.344824E-4	1.192373E+2
-1.500000E-1	2.600878E+1	-2.600878E+1	-1.008753E-4	1.194258E+2
-1.000000E-1	1.734211E+1	-1.734211E+1	-6.726154E-5	1.198057E+2
-5.000000E-2	8.659028E+0	-8.659028E+0	-3.358412E-5	1.199932E+2
0.000000E+0	1.159528E-5	1.159528E-5	4.497242E-11	1.214990E+2
