voltage_YSR_1_41D	absJ_YSR_1_41D	J_YSR_1_41D	current_YSR_1_41D	time_YSR_1_41D
0.000000E+0	3.833878E-5	3.833878E-5	1.486973E-10	0.000000E+0
5.000000E-2	1.426597E-4	1.426597E-4	5.533071E-10	1.884766E-1
1.000000E-1	1.714061E-4	1.714061E-4	6.648000E-10	3.779297E-1
1.500000E-1	4.166498E-4	4.166498E-4	1.615980E-9	9.531250E-1
2.000000E-1	5.430787E-4	5.430787E-4	2.106336E-9	1.141602E+0
2.500000E-1	6.662449E-4	6.662449E-4	2.584037E-9	1.329102E+0
3.000000E-1	7.784382E-4	7.784382E-4	3.019180E-9	1.517578E+0
3.500000E-1	8.950276E-4	8.950276E-4	3.471373E-9	1.706055E+0
4.000000E-1	1.020315E-3	1.020315E-3	3.957300E-9	1.893555E+0
4.500000E-1	1.127272E-3	1.127272E-3	4.372136E-9	2.082031E+0
5.000000E-1	1.247147E-3	1.247147E-3	4.837072E-9	2.269531E+0
5.000000E-1	1.236360E-3	1.236360E-3	4.795235E-9	2.458008E+0
4.500000E-1	1.090149E-3	1.090149E-3	4.228153E-9	2.646484E+0
4.000000E-1	9.654516E-4	9.654516E-4	3.744513E-9	2.833984E+0
3.500000E-1	8.397703E-4	8.397703E-4	3.257057E-9	3.022461E+0
3.000000E-1	7.065823E-4	7.065823E-4	2.740486E-9	3.210938E+0
2.500000E-1	5.750199E-4	5.750199E-4	2.230220E-9	3.398438E+0
2.000000E-1	4.527641E-4	4.527641E-4	1.756050E-9	3.586914E+0
1.500000E-1	3.351891E-4	3.351891E-4	1.300034E-9	3.774414E+0
1.000000E-1	2.357479E-4	2.357479E-4	9.143504E-10	4.573242E+0
5.000000E-2	1.121081E-4	1.121081E-4	4.348124E-10	4.985352E+0
0.000000E+0	8.645099E-6	8.645099E-6	3.353010E-11	5.880859E+0
-5.000000E-2	1.605149E-5	-1.605149E-5	-6.225584E-11	6.404297E+0
-1.000000E-1	1.948183E-4	-1.948183E-4	-7.556045E-10	7.397461E+0
-1.500000E-1	3.066407E-4	-3.066407E-4	-1.189309E-9	7.585938E+0
-2.000000E-1	4.096525E-4	-4.096525E-4	-1.588841E-9	7.773438E+0
-2.500000E-1	5.140088E-4	-5.140088E-4	-1.993588E-9	7.961914E+0
-3.000000E-1	6.208027E-4	-6.208027E-4	-2.407789E-9	8.150391E+0
-3.500000E-1	7.258766E-4	-7.258766E-4	-2.815319E-9	8.337891E+0
-4.000000E-1	8.260194E-4	-8.260194E-4	-3.203724E-9	8.526367E+0
-4.500000E-1	9.188569E-4	-9.188569E-4	-3.563795E-9	8.713867E+0
-5.000000E-1	1.014187E-3	-1.014187E-3	-3.933533E-9	8.902344E+0
-5.000000E-1	1.000886E-3	-1.000886E-3	-3.881945E-9	9.090820E+0
-4.500000E-1	8.831532E-4	-8.831532E-4	-3.425318E-9	9.278320E+0
-4.000000E-1	7.715742E-4	-7.715742E-4	-2.992558E-9	9.466797E+0
-3.500000E-1	6.567765E-4	-6.567765E-4	-2.547314E-9	9.655273E+0
-3.000000E-1	5.513551E-4	-5.513551E-4	-2.138436E-9	9.842773E+0
-2.500000E-1	4.478414E-4	-4.478414E-4	-1.736957E-9	1.003125E+1
-2.000000E-1	3.487858E-4	-3.487858E-4	-1.352769E-9	1.021875E+1
-1.500000E-1	2.531097E-4	-2.531097E-4	-9.816885E-10	1.120605E+1
-1.000000E-1	1.397511E-4	-1.397511E-4	-5.420260E-10	1.161719E+1
-5.000000E-2	5.274369E-5	-5.274369E-5	-2.045669E-10	1.180566E+1
0.000000E+0	4.414526E-5	4.414526E-5	1.712178E-10	1.199512E+1
0.000000E+0	3.717250E-5	3.717250E-5	1.441739E-10	1.218457E+1
5.000000E-2	1.214247E-4	1.214247E-4	4.709468E-10	1.275977E+1
1.000000E-1	2.100910E-4	2.100910E-4	8.148398E-10	1.355859E+1
1.500000E-1	3.087658E-4	3.087658E-4	1.197551E-9	1.374609E+1
2.000000E-1	4.004832E-4	4.004832E-4	1.553278E-9	1.393457E+1
2.500000E-1	4.916590E-4	4.916590E-4	1.906904E-9	1.412207E+1
3.000000E-1	5.809979E-4	5.809979E-4	2.253406E-9	1.431055E+1
3.500000E-1	6.677805E-4	6.677805E-4	2.589993E-9	1.449902E+1
4.000000E-1	7.574897E-4	7.574897E-4	2.937931E-9	1.468652E+1
4.500000E-1	8.431110E-4	8.431110E-4	3.270014E-9	1.487500E+1
5.000000E-1	9.300908E-4	9.300908E-4	3.607366E-9	1.506348E+1
5.000000E-1	9.186684E-4	9.186684E-4	3.563064E-9	1.525098E+1
4.500000E-1	8.138655E-4	8.138655E-4	3.156585E-9	1.543945E+1
4.000000E-1	7.184110E-4	7.184110E-4	2.786364E-9	1.562695E+1
3.500000E-1	6.224468E-4	6.224468E-4	2.414166E-9	1.581543E+1
3.000000E-1	5.276408E-4	5.276408E-4	2.046460E-9	1.600391E+1
2.500000E-1	4.379835E-4	4.379835E-4	1.698723E-9	1.619141E+1
2.000000E-1	3.487252E-4	3.487252E-4	1.352534E-9	1.637988E+1
1.500000E-1	2.581365E-4	2.581365E-4	1.001185E-9	1.656738E+1
1.000000E-1	1.411959E-4	1.411959E-4	5.476296E-10	1.697949E+1
5.000000E-2	8.118196E-5	8.118196E-5	3.148650E-10	1.716797E+1
0.000000E+0	4.674533E-7	-4.674533E-7	-1.813022E-12	1.806348E+1
-5.000000E-2	1.585909E-5	-1.585909E-5	-6.150964E-11	1.858789E+1
-1.000000E-1	1.780662E-5	-1.780662E-5	-6.906314E-11	1.911133E+1
-1.500000E-1	2.379094E-4	-2.379094E-4	-9.227339E-10	2.010449E+1
-2.000000E-1	3.229357E-4	-3.229357E-4	-1.252509E-9	2.029199E+1
-2.500000E-1	4.053147E-4	-4.053147E-4	-1.572017E-9	2.048047E+1
-3.000000E-1	4.871235E-4	-4.871235E-4	-1.889313E-9	2.066797E+1
-3.500000E-1	5.651223E-4	-5.651223E-4	-2.191832E-9	2.085645E+1
-4.000000E-1	6.396189E-4	-6.396189E-4	-2.480768E-9	2.104492E+1
-4.500000E-1	7.169597E-4	-7.169597E-4	-2.780735E-9	2.123242E+1
-5.000000E-1	7.929912E-4	-7.929912E-4	-3.075624E-9	2.142090E+1
-5.000000E-1	7.841290E-4	-7.841290E-4	-3.041252E-9	2.160840E+1
-4.500000E-1	6.927824E-4	-6.927824E-4	-2.686963E-9	2.179688E+1
-4.000000E-1	6.086588E-4	-6.086588E-4	-2.360689E-9	2.198535E+1
-3.500000E-1	5.242813E-4	-5.242813E-4	-2.033430E-9	2.217285E+1
-3.000000E-1	4.410287E-4	-4.410287E-4	-1.710534E-9	2.236133E+1
-2.500000E-1	3.593409E-4	-3.593409E-4	-1.393707E-9	2.254980E+1
-2.000000E-1	2.805415E-4	-2.805415E-4	-1.088083E-9	2.273730E+1
-1.500000E-1	1.515835E-4	-1.515835E-4	-5.879182E-10	2.314941E+1
-1.000000E-1	1.256445E-4	-1.256445E-4	-4.873134E-10	2.333789E+1
-5.000000E-2	4.748430E-5	-4.748430E-5	-1.841683E-10	2.352637E+1
0.000000E+0	2.841770E-5	2.841770E-5	1.102183E-10	2.371484E+1
0.000000E+0	1.935230E-5	1.935230E-5	7.505807E-11	2.469434E+1
5.000000E-2	9.558682E-5	9.558682E-5	3.707344E-10	2.488281E+1
1.000000E-1	1.421726E-4	1.421726E-4	5.514179E-10	2.507129E+1
1.500000E-1	2.374352E-4	2.374352E-4	9.208945E-10	2.564746E+1
2.000000E-1	3.133250E-4	3.133250E-4	1.215234E-9	2.583496E+1
2.500000E-1	3.858794E-4	3.858794E-4	1.496637E-9	2.602344E+1
3.000000E-1	4.563338E-4	4.563338E-4	1.769895E-9	2.621094E+1
3.500000E-1	5.288400E-4	5.288400E-4	2.051111E-9	2.639941E+1
4.000000E-1	5.990951E-4	5.990951E-4	2.323596E-9	2.658789E+1
4.500000E-1	6.681407E-4	6.681407E-4	2.591390E-9	2.677539E+1
5.000000E-1	7.392072E-4	7.392072E-4	2.867022E-9	2.696387E+1
5.000000E-1	7.297089E-4	7.297089E-4	2.830183E-9	2.715137E+1
4.500000E-1	6.456810E-4	6.456810E-4	2.504280E-9	2.733984E+1
4.000000E-1	5.706839E-4	5.706839E-4	2.213403E-9	2.752832E+1
3.500000E-1	4.947555E-4	4.947555E-4	1.918914E-9	2.771582E+1
3.000000E-1	4.186340E-4	4.186340E-4	1.623676E-9	2.790430E+1
2.500000E-1	3.423305E-4	3.423305E-4	1.327732E-9	2.809180E+1
2.000000E-1	2.711333E-4	2.711333E-4	1.051593E-9	2.828027E+1
1.500000E-1	1.503542E-4	1.503542E-4	5.831501E-10	2.869238E+1
1.000000E-1	1.278743E-4	1.278743E-4	4.959618E-10	2.888086E+1
5.000000E-2	5.981868E-5	5.981868E-5	2.320073E-10	2.906934E+1
0.000000E+0	2.965265E-6	-2.965265E-6	-1.150081E-11	2.996484E+1
-5.000000E-2	6.692011E-5	-6.692011E-5	-2.595503E-10	3.057129E+1
-1.000000E-1	1.365572E-4	-1.365572E-4	-5.296382E-10	3.075977E+1
-1.500000E-1	1.536392E-4	-1.536392E-4	-5.958911E-10	3.094922E+1
-2.000000E-1	2.729402E-4	-2.729402E-4	-1.058601E-9	3.152441E+1
-2.500000E-1	3.418102E-4	-3.418102E-4	-1.325714E-9	3.171289E+1
-3.000000E-1	4.087573E-4	-4.087573E-4	-1.585369E-9	3.190039E+1
-3.500000E-1	4.757366E-4	-4.757366E-4	-1.845149E-9	3.208887E+1
-4.000000E-1	5.426943E-4	-5.426943E-4	-2.104845E-9	3.227734E+1
-4.500000E-1	6.073163E-4	-6.073163E-4	-2.355482E-9	3.246484E+1
-5.000000E-1	6.715005E-4	-6.715005E-4	-2.604421E-9	3.265332E+1
-5.000000E-1	6.648343E-4	-6.648343E-4	-2.578566E-9	3.284082E+1
-4.500000E-1	5.884632E-4	-5.884632E-4	-2.282360E-9	3.302930E+1
-4.000000E-1	5.154145E-4	-5.154145E-4	-1.999040E-9	3.321777E+1
-3.500000E-1	4.450114E-4	-4.450114E-4	-1.725981E-9	3.340527E+1
-3.000000E-1	3.747074E-4	-3.747074E-4	-1.453306E-9	3.359375E+1
-2.500000E-1	3.049968E-4	-3.049968E-4	-1.182933E-9	3.378223E+1
-2.000000E-1	1.607928E-4	-1.607928E-4	-6.236365E-10	3.419336E+1
-1.500000E-1	1.459485E-4	-1.459485E-4	-5.660628E-10	3.438184E+1
-1.000000E-1	1.079880E-4	-1.079880E-4	-4.188323E-10	3.457129E+1
-5.000000E-2	4.137822E-5	-4.137822E-5	-1.604858E-10	3.475977E+1
0.000000E+0	2.682830E-5	2.682830E-5	1.040538E-10	3.494824E+1
0.000000E+0	1.380476E-5	1.380476E-5	5.354191E-11	3.584375E+1
5.000000E-2	1.605693E-5	1.605693E-5	6.227696E-11	3.636719E+1
1.000000E-1	1.786280E-5	1.786280E-5	6.928104E-11	3.689062E+1
1.500000E-1	1.968429E-4	1.968429E-4	7.634569E-10	3.788379E+1
2.000000E-1	2.626968E-4	2.626968E-4	1.018872E-9	3.807227E+1
2.500000E-1	3.245262E-4	3.245262E-4	1.258678E-9	3.825977E+1
3.000000E-1	3.861171E-4	3.861171E-4	1.497559E-9	3.844824E+1
3.500000E-1	4.463320E-4	4.463320E-4	1.731103E-9	3.863672E+1
4.000000E-1	5.055886E-4	5.055886E-4	1.960930E-9	3.882422E+1
4.500000E-1	5.647703E-4	5.647703E-4	2.190467E-9	3.901270E+1
5.000000E-1	6.243231E-4	6.243231E-4	2.421443E-9	3.920020E+1
5.000000E-1	6.174818E-4	6.174818E-4	2.394909E-9	3.938867E+1
4.500000E-1	5.476176E-4	5.476176E-4	2.123940E-9	3.957715E+1
4.000000E-1	4.821159E-4	4.821159E-4	1.869891E-9	3.976465E+1
3.500000E-1	4.175772E-4	4.175772E-4	1.619577E-9	3.995312E+1
3.000000E-1	3.516704E-4	3.516704E-4	1.363957E-9	4.014160E+1
2.500000E-1	2.885057E-4	2.885057E-4	1.118972E-9	4.032910E+1
2.000000E-1	1.590073E-4	1.590073E-4	6.167111E-10	4.074121E+1
1.500000E-1	1.721732E-4	1.721732E-4	6.677752E-10	4.131641E+1
1.000000E-1	1.125641E-4	1.125641E-4	4.365809E-10	4.172852E+1
5.000000E-2	4.932998E-5	4.932998E-5	1.913268E-10	4.191699E+1
0.000000E+0	3.575185E-6	-3.575185E-6	-1.386639E-11	4.281250E+1
-5.000000E-2	1.569796E-5	-1.569796E-5	-6.088467E-11	4.333691E+1
-1.000000E-1	1.161197E-4	-1.161197E-4	-4.503713E-10	4.394238E+1
-1.500000E-1	1.475799E-4	-1.475799E-4	-5.723899E-10	4.413086E+1
-2.000000E-1	1.605957E-4	-1.605957E-4	-6.228720E-10	4.432031E+1
-2.500000E-1	2.866251E-4	-2.866251E-4	-1.111678E-9	4.489551E+1
-3.000000E-1	3.452342E-4	-3.452342E-4	-1.338994E-9	4.508398E+1
-3.500000E-1	4.015893E-4	-4.015893E-4	-1.557568E-9	4.527246E+1
-4.000000E-1	4.579749E-4	-4.579749E-4	-1.776260E-9	4.545996E+1
-4.500000E-1	5.132776E-4	-5.132776E-4	-1.990752E-9	4.564844E+1
-5.000000E-1	5.674515E-4	-5.674515E-4	-2.200866E-9	4.583594E+1
-5.000000E-1	5.615562E-4	-5.615562E-4	-2.178001E-9	4.602441E+1
-4.500000E-1	4.974504E-4	-4.974504E-4	-1.929366E-9	4.621289E+1
-4.000000E-1	4.358352E-4	-4.358352E-4	-1.690391E-9	4.640039E+1
-3.500000E-1	3.756732E-4	-3.756732E-4	-1.457052E-9	4.658887E+1
-3.000000E-1	3.176034E-4	-3.176034E-4	-1.231828E-9	4.677734E+1
-2.500000E-1	2.602508E-4	-2.602508E-4	-1.009385E-9	4.696484E+1
-2.000000E-1	2.069385E-4	-2.069385E-4	-8.026131E-10	4.776367E+1
-1.500000E-1	1.504912E-4	-1.504912E-4	-5.836815E-10	4.856250E+1
-1.000000E-1	9.496112E-5	-9.496112E-5	-3.683076E-10	4.897363E+1
-5.000000E-2	3.848442E-5	-3.848442E-5	-1.492622E-10	4.916211E+1
0.000000E+0	1.091965E-5	1.091965E-5	4.235198E-11	5.005762E+1
0.000000E+0	9.963853E-6	9.963853E-6	3.864490E-11	5.058203E+1
5.000000E-2	1.562426E-5	1.562426E-5	6.059884E-11	5.110547E+1
1.000000E-1	1.733643E-5	1.733643E-5	6.723949E-11	5.162891E+1
1.500000E-1	1.605445E-4	1.605445E-4	6.226735E-10	5.262207E+1
2.000000E-1	2.083922E-4	2.083922E-4	8.082512E-10	5.341992E+1
2.500000E-1	2.623392E-4	2.623392E-4	1.017485E-9	5.360840E+1
3.000000E-1	3.132118E-4	3.132118E-4	1.214795E-9	5.379688E+1
3.500000E-1	3.639553E-4	3.639553E-4	1.411604E-9	5.398438E+1
4.000000E-1	4.146864E-4	4.146864E-4	1.608365E-9	5.417285E+1
4.500000E-1	4.641206E-4	4.641206E-4	1.800096E-9	5.436035E+1
5.000000E-1	5.128068E-4	5.128068E-4	1.988926E-9	5.454883E+1
5.000000E-1	5.078987E-4	5.078987E-4	1.969890E-9	5.473730E+1
4.500000E-1	4.501443E-4	4.501443E-4	1.745889E-9	5.492480E+1
4.000000E-1	3.944410E-4	3.944410E-4	1.529843E-9	5.511328E+1
3.500000E-1	3.404705E-4	3.404705E-4	1.320518E-9	5.530176E+1
3.000000E-1	2.882110E-4	2.882110E-4	1.117829E-9	5.548926E+1
2.500000E-1	2.392332E-4	2.392332E-4	9.278684E-10	5.628809E+1
2.000000E-1	1.483846E-4	1.483846E-4	5.755109E-10	5.669922E+1
1.500000E-1	1.311079E-4	1.311079E-4	5.085034E-10	5.688867E+1
1.000000E-1	8.531819E-5	8.531819E-5	3.309074E-10	5.707715E+1
5.000000E-2	3.465334E-5	3.465334E-5	1.344033E-10	5.726563E+1
0.000000E+0	8.585262E-6	-8.585262E-6	-3.329802E-11	5.816113E+1
-5.000000E-2	1.568427E-5	-1.568427E-5	-6.083160E-11	5.868555E+1
-1.000000E-1	1.719451E-5	-1.719451E-5	-6.668908E-11	5.920898E+1
-1.500000E-1	1.454576E-4	-1.454576E-4	-5.641585E-10	6.020215E+1
-2.000000E-1	1.890150E-4	-1.890150E-4	-7.330963E-10	6.100000E+1
-2.500000E-1	2.326619E-4	-2.326619E-4	-9.023813E-10	6.179883E+1
-3.000000E-1	2.818730E-4	-2.818730E-4	-1.093247E-9	6.198730E+1
-3.500000E-1	3.280735E-4	-3.280735E-4	-1.272436E-9	6.217480E+1
-4.000000E-1	3.743077E-4	-3.743077E-4	-1.451756E-9	6.236328E+1
-4.500000E-1	4.208382E-4	-4.208382E-4	-1.632225E-9	6.255176E+1
-5.000000E-1	4.657686E-4	-4.657686E-4	-1.806488E-9	6.273926E+1
-5.000000E-1	4.605496E-4	-4.605496E-4	-1.786246E-9	6.292773E+1
-4.500000E-1	4.085809E-4	-4.085809E-4	-1.584685E-9	6.311621E+1
-4.000000E-1	3.590119E-4	-3.590119E-4	-1.392431E-9	6.330371E+1
-3.500000E-1	3.094343E-4	-3.094343E-4	-1.200144E-9	6.349219E+1
-3.000000E-1	2.612888E-4	-2.612888E-4	-1.013411E-9	6.367969E+1
-2.500000E-1	1.585150E-4	-1.585150E-4	-6.148018E-10	6.409180E+1
-2.000000E-1	1.717435E-4	-1.717435E-4	-6.661089E-10	6.466797E+1
-1.500000E-1	1.258418E-4	-1.258418E-4	-4.880786E-10	6.507910E+1
-1.000000E-1	7.827621E-5	-7.827621E-5	-3.035950E-10	6.526758E+1
-5.000000E-2	3.186503E-5	-3.186503E-5	-1.235888E-10	6.545605E+1
0.000000E+0	8.666613E-6	8.666613E-6	3.361354E-11	6.635156E+1
0.000000E+0	5.828958E-6	5.828958E-6	2.260767E-11	6.687598E+1
5.000000E-2	1.536236E-5	1.536236E-5	5.958306E-11	6.739941E+1
1.000000E-1	9.381931E-5	9.381931E-5	3.638791E-10	6.800488E+1
1.500000E-1	1.329246E-4	1.329246E-4	5.155492E-10	6.819434E+1
2.000000E-1	1.485658E-4	1.485658E-4	5.762140E-10	6.838281E+1
2.500000E-1	1.613821E-4	1.613821E-4	6.259218E-10	6.857129E+1
3.000000E-1	2.654156E-4	2.654156E-4	1.029417E-9	6.914746E+1
3.500000E-1	3.093872E-4	3.093872E-4	1.199961E-9	6.933496E+1
4.000000E-1	3.517550E-4	3.517550E-4	1.364285E-9	6.952344E+1
4.500000E-1	3.945142E-4	3.945142E-4	1.530127E-9	6.971191E+1
5.000000E-1	4.361441E-4	4.361441E-4	1.691589E-9	6.989941E+1
5.000000E-1	4.304280E-4	4.304280E-4	1.669419E-9	7.008789E+1
4.500000E-1	3.813568E-4	3.813568E-4	1.479096E-9	7.027539E+1
4.000000E-1	3.348784E-4	3.348784E-4	1.298829E-9	7.046387E+1
3.500000E-1	2.886769E-4	2.886769E-4	1.119636E-9	7.065234E+1
3.000000E-1	1.662064E-4	1.662064E-4	6.446330E-10	7.106348E+1
2.500000E-1	1.544315E-4	1.544315E-4	5.989641E-10	7.125195E+1
2.000000E-1	1.599393E-4	1.599393E-4	6.203260E-10	7.182812E+1
1.500000E-1	1.175369E-4	1.175369E-4	4.558681E-10	7.223926E+1
1.000000E-1	7.239175E-5	7.239175E-5	2.807721E-10	7.242871E+1
5.000000E-2	2.880390E-5	2.880390E-5	1.117162E-10	7.261719E+1
0.000000E+0	8.772666E-6	-8.772666E-6	-3.402487E-11	7.351270E+1
-5.000000E-2	4.212874E-5	-4.212874E-5	-1.633967E-10	7.411914E+1
-1.000000E-1	9.223587E-5	-9.223587E-5	-3.577377E-10	7.430762E+1
-1.500000E-1	1.329853E-4	-1.329853E-4	-5.157846E-10	7.449609E+1
-2.000000E-1	1.694284E-4	-1.694284E-4	-6.571295E-10	7.507227E+1
-2.500000E-1	2.061371E-4	-2.061371E-4	-7.995045E-10	7.587109E+1
-3.000000E-1	1.673534E-4	-1.673534E-4	-6.490819E-10	7.628223E+1
-3.500000E-1	2.846661E-4	-2.846661E-4	-1.104080E-9	7.685840E+1
-4.000000E-1	3.255403E-4	-3.255403E-4	-1.262611E-9	7.704590E+1
-4.500000E-1	3.653865E-4	-3.653865E-4	-1.417155E-9	7.723438E+1
-5.000000E-1	4.052578E-4	-4.052578E-4	-1.571796E-9	7.742285E+1
-5.000000E-1	4.009099E-4	-4.009099E-4	-1.554933E-9	7.761035E+1
-4.500000E-1	3.548969E-4	-3.548969E-4	-1.376471E-9	7.779883E+1
-4.000000E-1	3.119412E-4	-3.119412E-4	-1.209867E-9	7.798633E+1
-3.500000E-1	2.698377E-4	-2.698377E-4	-1.046568E-9	7.817480E+1
-3.000000E-1	2.309870E-4	-2.309870E-4	-8.958851E-10	7.897363E+1
-2.500000E-1	1.898215E-4	-1.898215E-4	-7.362244E-10	7.977246E+1
-2.000000E-1	1.394991E-4	-1.394991E-4	-5.410485E-10	8.018359E+1
-1.500000E-1	1.084456E-4	-1.084456E-4	-4.206073E-10	8.037207E+1
-1.000000E-1	6.783170E-5	-6.783170E-5	-2.630859E-10	8.056152E+1
-5.000000E-2	2.692578E-5	-2.692578E-5	-1.044319E-10	8.075000E+1
0.000000E+0	7.120661E-6	7.120661E-6	2.761755E-11	8.164551E+1
0.000000E+0	3.312107E-6	3.312107E-6	1.284604E-11	8.216895E+1
5.000000E-2	1.516262E-5	1.516262E-5	5.880837E-11	8.269238E+1
1.000000E-1	1.676327E-5	1.676327E-5	6.501649E-11	8.321582E+1
1.500000E-1	1.815700E-5	1.815700E-5	7.042209E-11	8.373926E+1
2.000000E-1	1.517800E-4	1.517800E-4	5.886802E-10	8.473242E+1
2.500000E-1	1.864552E-4	1.864552E-4	7.231682E-10	8.553125E+1
3.000000E-1	1.617984E-4	1.617984E-4	6.275367E-10	8.594238E+1
3.500000E-1	2.595255E-4	2.595255E-4	1.006572E-9	8.651855E+1
4.000000E-1	2.981710E-4	2.981710E-4	1.156459E-9	8.670605E+1
4.500000E-1	3.355645E-4	3.355645E-4	1.301490E-9	8.689453E+1
5.000000E-1	3.725911E-4	3.725911E-4	1.445098E-9	8.708203E+1
5.000000E-1	3.685202E-4	3.685202E-4	1.429309E-9	8.727051E+1
4.500000E-1	3.259902E-4	3.259902E-4	1.264356E-9	8.745898E+1
4.000000E-1	2.862061E-4	2.862061E-4	1.110053E-9	8.764648E+1
3.500000E-1	1.692307E-4	1.692307E-4	6.563630E-10	8.805859E+1
3.000000E-1	2.111748E-4	2.111748E-4	8.190435E-10	8.863379E+1
2.500000E-1	1.729703E-4	1.729703E-4	6.708669E-10	8.943262E+1
2.000000E-1	1.309920E-4	1.309920E-4	5.080537E-10	8.984473E+1
1.500000E-1	9.676754E-5	9.676754E-5	3.753138E-10	9.003320E+1
1.000000E-1	5.873837E-5	5.873837E-5	2.278173E-10	9.022168E+1
5.000000E-2	1.438158E-5	1.438158E-5	5.577911E-11	9.111719E+1
0.000000E+0	6.242615E-6	-6.242615E-6	-2.421204E-11	9.164063E+1
-5.000000E-2	1.557352E-5	-1.557352E-5	-6.040204E-11	9.216406E+1
-1.000000E-1	7.051730E-5	-7.051730E-5	-2.735020E-10	9.277051E+1
-1.500000E-1	1.175800E-4	-1.175800E-4	-4.560350E-10	9.295898E+1
-2.000000E-1	1.414150E-4	-1.414150E-4	-5.484794E-10	9.314746E+1
-2.500000E-1	1.844093E-4	-1.844093E-4	-7.152332E-10	9.372363E+1
-3.000000E-1	2.162359E-4	-2.162359E-4	-8.386731E-10	9.452246E+1
-3.500000E-1	1.707725E-4	-1.707725E-4	-6.623428E-10	9.493359E+1
-4.000000E-1	2.842767E-4	-2.842767E-4	-1.102570E-9	9.550977E+1
-4.500000E-1	3.203963E-4	-3.203963E-4	-1.242660E-9	9.569727E+1
-5.000000E-1	3.558733E-4	-3.558733E-4	-1.380258E-9	9.588574E+1
-5.000000E-1	3.525331E-4	-3.525331E-4	-1.367303E-9	9.607422E+1
-4.500000E-1	3.120299E-4	-3.120299E-4	-1.210211E-9	9.626172E+1
-4.000000E-1	2.743142E-4	-2.743142E-4	-1.063930E-9	9.645020E+1
-3.500000E-1	1.676693E-4	-1.676693E-4	-6.503069E-10	9.686133E+1
-3.000000E-1	1.577759E-4	-1.577759E-4	-6.119352E-10	9.705078E+1
-2.500000E-1	1.676802E-4	-1.676802E-4	-6.503491E-10	9.762598E+1
-2.000000E-1	1.323439E-4	-1.323439E-4	-5.132970E-10	9.842480E+1
-1.500000E-1	9.753639E-5	-9.753639E-5	-3.782958E-10	9.883594E+1
-1.000000E-1	6.186962E-5	-6.186962E-5	-2.399619E-10	9.902539E+1
-5.000000E-2	2.302239E-5	-2.302239E-5	-8.929257E-11	1.000029E+2
0.000000E+0	2.548336E-6	2.548336E-6	9.883747E-12	1.008984E+2
0.000000E+0	2.058395E-6	2.058395E-6	7.983503E-12	1.014219E+2
5.000000E-2	3.415794E-5	3.415794E-5	1.324819E-10	1.020283E+2
1.000000E-1	7.136659E-5	7.136659E-5	2.767960E-10	1.022168E+2
1.500000E-1	1.056430E-4	1.056430E-4	4.097375E-10	1.024063E+2
2.000000E-1	1.339233E-4	1.339233E-4	5.194227E-10	1.029814E+2
2.500000E-1	1.643936E-4	1.643936E-4	6.376020E-10	1.037803E+2
3.000000E-1	1.955463E-4	1.955463E-4	7.584280E-10	1.045791E+2
3.500000E-1	1.647663E-4	1.647663E-4	6.390478E-10	1.049902E+2
4.000000E-1	2.595585E-4	2.595585E-4	1.006700E-9	1.055664E+2
4.500000E-1	2.936809E-4	2.936809E-4	1.139044E-9	1.057539E+2
5.000000E-1	3.268738E-4	3.268738E-4	1.267783E-9	1.059424E+2
5.000000E-1	3.234397E-4	3.234397E-4	1.254464E-9	1.061309E+2
4.500000E-1	2.852575E-4	2.852575E-4	1.106374E-9	1.063184E+2
4.000000E-1	1.714761E-4	1.714761E-4	6.650718E-10	1.067305E+2
3.500000E-1	1.619350E-4	1.619350E-4	6.280663E-10	1.069189E+2
3.000000E-1	1.505769E-4	1.505769E-4	5.840141E-10	1.071074E+2
2.500000E-1	1.379092E-4	1.379092E-4	5.348822E-10	1.072959E+2
2.000000E-1	1.159859E-4	1.159859E-4	4.498524E-10	1.074854E+2
1.500000E-1	8.149275E-5	8.149275E-5	3.160704E-10	1.076738E+2
1.000000E-1	4.945294E-5	4.945294E-5	1.918037E-10	1.078623E+2
5.000000E-2	1.411021E-5	1.411021E-5	5.472657E-11	1.087578E+2
0.000000E+0	8.410345E-6	-8.410345E-6	-3.261960E-11	1.092812E+2
-5.000000E-2	3.908357E-5	-3.908357E-5	-1.515860E-10	1.098877E+2
-1.000000E-1	7.538966E-5	-7.538966E-5	-2.923995E-10	1.100762E+2
-1.500000E-1	1.076569E-4	-1.076569E-4	-4.175482E-10	1.102656E+2
-2.000000E-1	1.343014E-4	-1.343014E-4	-5.208891E-10	1.108408E+2
-2.500000E-1	1.628794E-4	-1.628794E-4	-6.317293E-10	1.116396E+2
-3.000000E-1	1.925214E-4	-1.925214E-4	-7.466960E-10	1.124385E+2
-3.500000E-1	2.222726E-4	-2.222726E-4	-8.620864E-10	1.132373E+2
-4.000000E-1	1.736691E-4	-1.736691E-4	-6.735772E-10	1.136484E+2
-4.500000E-1	2.837858E-4	-2.837858E-4	-1.100666E-9	1.142246E+2
-5.000000E-1	3.159500E-4	-3.159500E-4	-1.225415E-9	1.144121E+2
-5.000000E-1	3.134578E-4	-3.134578E-4	-1.215749E-9	1.146006E+2
-4.500000E-1	2.779176E-4	-2.779176E-4	-1.077906E-9	1.147881E+2
-4.000000E-1	2.450357E-4	-2.450357E-4	-9.503731E-10	1.157754E+2
-3.500000E-1	2.121401E-4	-2.121401E-4	-8.227872E-10	1.165732E+2
-3.000000E-1	1.797020E-4	-1.797020E-4	-6.969758E-10	1.173721E+2
-2.500000E-1	1.395389E-4	-1.395389E-4	-5.412030E-10	1.177842E+2
-2.000000E-1	1.161622E-4	-1.161622E-4	-4.505363E-10	1.179727E+2
-1.500000E-1	8.320421E-5	-8.320421E-5	-3.227083E-10	1.181611E+2
-1.000000E-1	5.089636E-5	-5.089636E-5	-1.974020E-10	1.183496E+2
-5.000000E-2	1.473180E-5	-1.473180E-5	-5.713742E-11	1.192451E+2
0.000000E+0	2.311569E-6	2.311569E-6	8.965440E-12	1.197686E+2
0.000000E+0	4.057381E-6	4.057381E-6	1.573659E-11	1.202930E+2
5.000000E-2	1.487602E-5	1.487602E-5	5.769680E-11	1.208164E+2
1.000000E-1	1.644031E-5	1.644031E-5	6.376389E-11	1.213398E+2
1.500000E-1	9.155107E-5	9.155107E-5	3.550817E-10	1.219453E+2
2.000000E-1	1.240055E-4	1.240055E-4	4.809565E-10	1.221348E+2
2.500000E-1	1.394740E-4	1.394740E-4	5.409513E-10	1.223232E+2
3.000000E-1	1.783726E-4	1.783726E-4	6.918199E-10	1.228984E+2
3.500000E-1	2.049192E-4	2.049192E-4	7.947811E-10	1.236973E+2
4.000000E-1	2.324931E-4	2.324931E-4	9.017267E-10	1.244961E+2
4.500000E-1	2.635794E-4	2.635794E-4	1.022295E-9	1.246846E+2
5.000000E-1	2.933124E-4	2.933124E-4	1.137615E-9	1.248721E+2
5.000000E-1	2.907963E-4	2.907963E-4	1.127856E-9	1.250605E+2
4.500000E-1	1.757031E-4	1.757031E-4	6.814661E-10	1.254717E+2
4.000000E-1	2.265313E-4	2.265313E-4	8.786039E-10	1.260479E+2
3.500000E-1	1.952043E-4	1.952043E-4	7.571019E-10	1.268467E+2
3.000000E-1	1.440908E-4	1.440908E-4	5.588574E-10	1.272578E+2
2.500000E-1	1.307860E-4	1.307860E-4	5.072548E-10	1.274463E+2
2.000000E-1	1.032205E-4	1.032205E-4	4.003415E-10	1.276348E+2
1.500000E-1	7.227901E-5	7.227901E-5	2.803348E-10	1.278242E+2
1.000000E-1	4.337739E-5	4.337739E-5	1.682396E-10	1.280127E+2
5.000000E-2	1.395061E-5	1.395061E-5	5.410756E-11	1.289082E+2
0.000000E+0	8.080921E-6	-8.080921E-6	-3.134193E-11	1.294316E+2
-5.000000E-2	3.528294E-5	-3.528294E-5	-1.368452E-10	1.300381E+2
-1.000000E-1	6.911647E-5	-6.911647E-5	-2.680689E-10	1.302266E+2
-1.500000E-1	9.829578E-5	-9.829578E-5	-3.812411E-10	1.304150E+2
-2.000000E-1	1.275091E-4	-1.275091E-4	-4.945451E-10	1.306045E+2
-2.500000E-1	1.438915E-4	-1.438915E-4	-5.580847E-10	1.307930E+2
-3.000000E-1	1.536645E-4	-1.536645E-4	-5.959893E-10	1.309814E+2
-3.500000E-1	2.079249E-4	-2.079249E-4	-8.064385E-10	1.315576E+2
-4.000000E-1	2.324817E-4	-2.324817E-4	-9.016823E-10	1.323555E+2
-4.500000E-1	2.623080E-4	-2.623080E-4	-1.017364E-9	1.325439E+2
-5.000000E-1	2.908403E-4	-2.908403E-4	-1.128027E-9	1.327324E+2
-5.000000E-1	2.882373E-4	-2.882373E-4	-1.117931E-9	1.329199E+2
-4.500000E-1	1.763645E-4	-1.763645E-4	-6.840315E-10	1.333320E+2
-4.000000E-1	2.258377E-4	-2.258377E-4	-8.759136E-10	1.339072E+2
-3.500000E-1	1.948496E-4	-1.948496E-4	-7.557261E-10	1.347061E+2
-3.000000E-1	1.467863E-4	-1.467863E-4	-5.693119E-10	1.351182E+2
-2.500000E-1	1.342194E-4	-1.342194E-4	-5.205711E-10	1.353066E+2
-2.000000E-1	1.064321E-4	-1.064321E-4	-4.127979E-10	1.354951E+2
-1.500000E-1	7.621753E-5	-7.621753E-5	-2.956104E-10	1.356836E+2
-1.000000E-1	4.842693E-5	-4.842693E-5	-1.878243E-10	1.358730E+2
-5.000000E-2	1.471609E-5	-1.471609E-5	-5.707650E-11	1.367686E+2
0.000000E+0	1.899809E-6	1.899809E-6	7.368425E-12	1.372920E+2
0.000000E+0	1.366969E-6	1.366969E-6	5.301801E-12	1.378154E+2
5.000000E-2	1.470944E-5	1.470944E-5	5.705069E-11	1.383389E+2
1.000000E-1	5.563828E-5	5.563828E-5	2.157936E-10	1.389453E+2
1.500000E-1	8.652216E-5	8.652216E-5	3.355770E-10	1.391338E+2
2.000000E-1	1.144660E-4	1.144660E-4	4.439574E-10	1.393223E+2
2.500000E-1	1.368620E-4	1.368620E-4	5.308207E-10	1.398984E+2
3.000000E-1	1.442621E-4	1.442621E-4	5.595218E-10	1.403096E+2
3.500000E-1	1.559503E-4	1.559503E-4	6.048548E-10	1.404980E+2
4.000000E-1	1.658045E-4	1.658045E-4	6.430742E-10	1.406875E+2
4.500000E-1	2.451417E-4	2.451417E-4	9.507843E-10	1.412627E+2
5.000000E-1	2.733184E-4	2.733184E-4	1.060068E-9	1.414512E+2
5.000000E-1	2.703149E-4	2.703149E-4	1.048419E-9	1.416387E+2
4.500000E-1	1.709111E-4	1.709111E-4	6.628805E-10	1.420508E+2
4.000000E-1	1.620265E-4	1.620265E-4	6.284212E-10	1.422393E+2
3.500000E-1	1.816455E-4	1.816455E-4	7.045138E-10	1.428154E+2
3.000000E-1	1.397378E-4	1.397378E-4	5.419745E-10	1.432266E+2
2.500000E-1	1.248155E-4	1.248155E-4	4.840980E-10	1.434150E+2
2.000000E-1	9.577849E-5	9.577849E-5	3.714778E-10	1.436045E+2
1.500000E-1	6.711320E-5	6.711320E-5	2.602992E-10	1.437930E+2
1.000000E-1	4.016427E-5	4.016427E-5	1.557775E-10	1.439814E+2
5.000000E-2	1.385575E-5	1.385575E-5	5.373967E-11	1.448770E+2
0.000000E+0	7.566193E-6	-7.566193E-6	-2.934555E-11	1.454004E+2
-5.000000E-2	1.545749E-5	-1.545749E-5	-5.995202E-11	1.459238E+2
-1.000000E-1	1.686781E-5	-1.686781E-5	-6.542195E-11	1.464473E+2
-1.500000E-1	7.911918E-5	-7.911918E-5	-3.068645E-10	1.470537E+2
-2.000000E-1	1.170679E-4	-1.170679E-4	-4.540491E-10	1.472422E+2
-2.500000E-1	1.383128E-4	-1.383128E-4	-5.364476E-10	1.474307E+2
-3.000000E-1	1.663238E-4	-1.663238E-4	-6.450884E-10	1.480068E+2
-3.500000E-1	1.902767E-4	-1.902767E-4	-7.379901E-10	1.488057E+2
-4.000000E-1	1.652359E-4	-1.652359E-4	-6.408689E-10	1.492168E+2
-4.500000E-1	2.422251E-4	-2.422251E-4	-9.394725E-10	1.497930E+2
-5.000000E-1	2.697882E-4	-2.697882E-4	-1.046376E-9	1.499814E+2
-5.000000E-1	2.675131E-4	-2.675131E-4	-1.037552E-9	1.501689E+2
-4.500000E-1	1.719974E-4	-1.719974E-4	-6.670935E-10	1.505811E+2
-4.000000E-1	2.095448E-4	-2.095448E-4	-8.127214E-10	1.511562E+2
-3.500000E-1	1.532497E-4	-1.532497E-4	-5.943803E-10	1.515684E+2
-3.000000E-1	1.433346E-4	-1.433346E-4	-5.559244E-10	1.517568E+2
-2.500000E-1	1.268658E-4	-1.268658E-4	-4.920502E-10	1.519453E+2
-2.000000E-1	9.784568E-5	-9.784568E-5	-3.794954E-10	1.521348E+2
-1.500000E-1	7.159521E-5	-7.159521E-5	-2.776827E-10	1.523232E+2
-1.000000E-1	4.464300E-5	-4.464300E-5	-1.731483E-10	1.525117E+2
-5.000000E-2	2.124441E-5	-2.124441E-5	-8.239665E-11	1.534893E+2
0.000000E+0	1.768223E-6	1.768223E-6	6.858070E-12	1.543848E+2
