voltage_Calibrate	absJ_Calibrate	J_Calibrate	current_Calibrate	time_Calibrate
0.000000E+0	4.391625E-4	4.391625E-4	1.703296E-9	0.000000E+0
5.000000E-2	6.970670E+0	6.970670E+0	2.703581E-5	7.695313E-1
1.000000E-1	1.391964E+1	1.391964E+1	5.398746E-5	9.580078E-1
1.500000E-1	2.086627E+1	2.086627E+1	8.093001E-5	1.145508E+0
2.000000E-1	2.778928E+1	2.778928E+1	1.077810E-4	1.716797E+0
2.500000E-1	3.472182E+1	3.472182E+1	1.346689E-4	1.905273E+0
3.000000E-1	4.167000E+1	4.167000E+1	1.616175E-4	2.092773E+0
3.500000E-1	4.861961E+1	4.861961E+1	1.885716E-4	2.281250E+0
4.000000E-1	2.302003E+2	2.302003E+2	8.928341E-4	2.469727E+0
4.500000E-1	3.148129E+2	3.148129E+2	1.221005E-3	3.040039E+0
5.000000E-1	3.674352E+2	3.674352E+2	1.425101E-3	3.228516E+0
5.000000E-1	3.773016E+2	3.773016E+2	1.463368E-3	3.416992E+0
4.500000E-1	3.438682E+2	3.438682E+2	1.333696E-3	3.604492E+0
4.000000E-1	3.084254E+2	3.084254E+2	1.196231E-3	3.792969E+0
3.500000E-1	4.861734E+1	4.861734E+1	1.885628E-4	4.172852E+0
3.000000E-1	4.166776E+1	4.166776E+1	1.616088E-4	4.360352E+0
2.500000E-1	3.471942E+1	3.471942E+1	1.346596E-4	4.548828E+0
2.000000E-1	2.778720E+1	2.778720E+1	1.077729E-4	4.737305E+0
1.500000E-1	2.086426E+1	2.086426E+1	8.092225E-5	5.117188E+0
1.000000E-1	1.391785E+1	1.391785E+1	5.398050E-5	5.304688E+0
5.000000E-2	6.969556E+0	6.969556E+0	2.703149E-5	5.493164E+0
0.000000E+0	4.486118E-4	4.486118E-4	1.739945E-9	6.068359E+0
-5.000000E-2	6.929479E+0	-6.929479E+0	-2.687605E-5	6.837891E+0
-1.000000E-1	1.387779E+1	-1.387779E+1	-5.382513E-5	7.026367E+0
-1.500000E-1	2.082396E+1	-2.082396E+1	-8.076591E-5	7.213867E+0
-2.000000E-1	2.775141E+1	-2.775141E+1	-1.076341E-4	7.785156E+0
-2.500000E-1	3.468469E+1	-3.468469E+1	-1.345249E-4	7.973633E+0
-3.000000E-1	4.164014E+1	-4.164014E+1	-1.615017E-4	8.161133E+0
-3.500000E-1	4.867630E+1	-4.867630E+1	-1.887915E-4	8.349609E+0
-4.000000E-1	5.571914E+1	-5.571914E+1	-2.161072E-4	8.538086E+0
-4.500000E-1	6.274681E+1	-6.274681E+1	-2.433641E-4	8.725586E+0
-5.000000E-1	6.977683E+1	-6.977683E+1	-2.706301E-4	8.914063E+0
-5.000000E-1	6.977704E+1	-6.977704E+1	-2.706309E-4	9.101563E+0
-4.500000E-1	6.274681E+1	-6.274681E+1	-2.433641E-4	9.290039E+0
-4.000000E-1	5.571924E+1	-5.571924E+1	-2.161076E-4	9.478516E+0
-3.500000E-1	4.867674E+1	-4.867674E+1	-1.887932E-4	9.666016E+0
-3.000000E-1	4.164048E+1	-4.164048E+1	-1.615030E-4	9.854492E+0
-2.500000E-1	3.468322E+1	-3.468322E+1	-1.345192E-4	1.004297E+1
-2.000000E-1	2.774996E+1	-2.774996E+1	-1.076285E-4	1.023047E+1
-1.500000E-1	2.082288E+1	-2.082288E+1	-8.076172E-5	1.061035E+1
-1.000000E-1	1.387700E+1	-1.387700E+1	-5.382209E-5	1.079883E+1
-5.000000E-2	6.928752E+0	-6.928752E+0	-2.687323E-5	1.098633E+1
0.000000E+0	4.762020E-4	4.762020E-4	1.846954E-9	1.156152E+1
0.000000E+0	3.051804E-4	3.051804E-4	1.183645E-9	1.175098E+1
5.000000E-2	6.969085E+0	6.969085E+0	2.702966E-5	1.251953E+1
1.000000E-1	1.391672E+1	1.391672E+1	5.397612E-5	1.270801E+1
1.500000E-1	2.086137E+1	2.086137E+1	8.091101E-5	1.289648E+1
2.000000E-1	2.778328E+1	2.778328E+1	1.077577E-4	1.346680E+1
2.500000E-1	3.471432E+1	3.471432E+1	1.346398E-4	1.365527E+1
3.000000E-1	4.166059E+1	4.166059E+1	1.615810E-4	1.384375E+1
3.500000E-1	4.860981E+1	4.860981E+1	1.885336E-4	1.403125E+1
4.000000E-1	3.461657E+2	3.461657E+2	1.342607E-3	1.460254E+1
4.500000E-1	3.998688E+2	3.998688E+2	1.550895E-3	1.479102E+1
5.000000E-1	4.519275E+2	4.519275E+2	1.752805E-3	1.497852E+1
5.000000E-1	4.600360E+2	4.600360E+2	1.784254E-3	1.516699E+1
4.500000E-1	4.238360E+2	4.238360E+2	1.643852E-3	1.535449E+1
4.000000E-1	3.855785E+2	3.855785E+2	1.495470E-3	1.554297E+1
3.500000E-1	4.860875E+1	4.860875E+1	1.885295E-4	1.592285E+1
3.000000E-1	4.165951E+1	4.165951E+1	1.615768E-4	1.611035E+1
2.500000E-1	3.471292E+1	3.471292E+1	1.346344E-4	1.629883E+1
2.000000E-1	2.778196E+1	2.778196E+1	1.077526E-4	1.648730E+1
1.500000E-1	2.086009E+1	2.086009E+1	8.090605E-5	1.686719E+1
1.000000E-1	1.391513E+1	1.391513E+1	5.396995E-5	1.705469E+1
5.000000E-2	6.968185E+0	6.968185E+0	2.702617E-5	1.724316E+1
0.000000E+0	5.022156E-4	5.022156E-4	1.947848E-9	1.781836E+1
-5.000000E-2	6.928159E+0	-6.928159E+0	-2.687093E-5	1.858789E+1
-1.000000E-1	1.387562E+1	-1.387562E+1	-5.381674E-5	1.877637E+1
-1.500000E-1	2.082025E+1	-2.082025E+1	-8.075152E-5	1.896387E+1
-2.000000E-1	2.774579E+1	-2.774579E+1	-1.076123E-4	1.953516E+1
-2.500000E-1	3.467760E+1	-3.467760E+1	-1.344974E-4	1.972363E+1
-3.000000E-1	4.163491E+1	-4.163491E+1	-1.614814E-4	1.991113E+1
-3.500000E-1	4.867073E+1	-4.867073E+1	-1.887699E-4	2.009961E+1
-4.000000E-1	5.571297E+1	-5.571297E+1	-2.160833E-4	2.028809E+1
-4.500000E-1	6.273967E+1	-6.273967E+1	-2.433364E-4	2.047559E+1
-5.000000E-1	6.976899E+1	-6.976899E+1	-2.705997E-4	2.066406E+1
-5.000000E-1	6.976917E+1	-6.976917E+1	-2.706004E-4	2.085254E+1
-4.500000E-1	6.273970E+1	-6.273970E+1	-2.433365E-4	2.104004E+1
-4.000000E-1	5.571287E+1	-5.571287E+1	-2.160829E-4	2.122852E+1
-3.500000E-1	4.867091E+1	-4.867091E+1	-1.887706E-4	2.141602E+1
-3.000000E-1	4.163491E+1	-4.163491E+1	-1.614814E-4	2.160449E+1
-2.500000E-1	3.467667E+1	-3.467667E+1	-1.344938E-4	2.179297E+1
-2.000000E-1	2.774509E+1	-2.774509E+1	-1.076096E-4	2.198047E+1
-1.500000E-1	2.081905E+1	-2.081905E+1	-8.074689E-5	2.236035E+1
-1.000000E-1	1.387426E+1	-1.387426E+1	-5.381145E-5	2.254883E+1
-5.000000E-2	6.926857E+0	-6.926857E+0	-2.686588E-5	2.273633E+1
0.000000E+0	4.525514E-4	4.525514E-4	1.755225E-9	2.331152E+1
0.000000E+0	3.284079E-4	3.284079E-4	1.273733E-9	2.350098E+1
5.000000E-2	6.968502E+0	6.968502E+0	2.702740E-5	2.426953E+1
1.000000E-1	1.391478E+1	1.391478E+1	5.396859E-5	2.445801E+1
1.500000E-1	2.085876E+1	2.085876E+1	8.090091E-5	2.464648E+1
2.000000E-1	2.778005E+1	2.778005E+1	1.077452E-4	2.521777E+1
2.500000E-1	3.471024E+1	3.471024E+1	1.346240E-4	2.540527E+1
3.000000E-1	4.165587E+1	4.165587E+1	1.615627E-4	2.559375E+1
3.500000E-1	4.860341E+1	4.860341E+1	1.885088E-4	2.578125E+1
4.000000E-1	3.841050E+2	3.841050E+2	1.489755E-3	2.635254E+1
4.500000E-1	4.380092E+2	4.380092E+2	1.698823E-3	2.654102E+1
5.000000E-1	4.901579E+2	4.901579E+2	1.901082E-3	2.672852E+1
5.000000E-1	4.979248E+2	4.979248E+2	1.931206E-3	2.691699E+1
4.500000E-1	4.610093E+2	4.610093E+2	1.788029E-3	2.710547E+1
4.000000E-1	4.220039E+2	4.220039E+2	1.636746E-3	2.729297E+1
3.500000E-1	4.860238E+1	4.860238E+1	1.885048E-4	2.767285E+1
3.000000E-1	4.165443E+1	4.165443E+1	1.615571E-4	2.786133E+1
2.500000E-1	3.470880E+1	3.470880E+1	1.346184E-4	2.804883E+1
2.000000E-1	2.777882E+1	2.777882E+1	1.077404E-4	2.823730E+1
1.500000E-1	2.085761E+1	2.085761E+1	8.089645E-5	2.861719E+1
1.000000E-1	1.391376E+1	1.391376E+1	5.396463E-5	2.880566E+1
5.000000E-2	6.967499E+0	6.967499E+0	2.702351E-5	2.899316E+1
0.000000E+0	5.186905E-4	5.186905E-4	2.011746E-9	2.956836E+1
-5.000000E-2	6.926898E+0	-6.926898E+0	-2.686604E-5	3.033887E+1
-1.000000E-1	1.387392E+1	-1.387392E+1	-5.381012E-5	3.052637E+1
-1.500000E-1	2.081770E+1	-2.081770E+1	-8.074164E-5	3.071484E+1
-2.000000E-1	2.774275E+1	-2.774275E+1	-1.076005E-4	3.128613E+1
-2.500000E-1	3.467373E+1	-3.467373E+1	-1.344824E-4	3.147363E+1
-3.000000E-1	4.163151E+1	-4.163151E+1	-1.614682E-4	3.166211E+1
-3.500000E-1	4.866697E+1	-4.866697E+1	-1.887553E-4	3.184961E+1
-4.000000E-1	5.570877E+1	-5.570877E+1	-2.160670E-4	3.203809E+1
-4.500000E-1	6.273521E+1	-6.273521E+1	-2.433191E-4	3.222656E+1
-5.000000E-1	6.976361E+1	-6.976361E+1	-2.705788E-4	3.241406E+1
-5.000000E-1	6.976361E+1	-6.976361E+1	-2.705788E-4	3.260254E+1
-4.500000E-1	6.273469E+1	-6.273469E+1	-2.433171E-4	3.279102E+1
-4.000000E-1	5.570854E+1	-5.570854E+1	-2.160661E-4	3.297852E+1
-3.500000E-1	4.866692E+1	-4.866692E+1	-1.887551E-4	3.316699E+1
-3.000000E-1	4.163164E+1	-4.163164E+1	-1.614687E-4	3.335449E+1
-2.500000E-1	3.467296E+1	-3.467296E+1	-1.344794E-4	3.354297E+1
-2.000000E-1	2.774190E+1	-2.774190E+1	-1.075972E-4	3.373145E+1
-1.500000E-1	2.081651E+1	-2.081651E+1	-8.073704E-5	3.411133E+1
-1.000000E-1	1.387263E+1	-1.387263E+1	-5.380512E-5	3.429883E+1
-5.000000E-2	6.926398E+0	-6.926398E+0	-2.686410E-5	3.448730E+1
0.000000E+0	4.376166E-4	4.376166E-4	1.697300E-9	3.506250E+1
0.000000E+0	3.460621E-4	3.460621E-4	1.342205E-9	3.525098E+1
5.000000E-2	6.967525E+0	6.967525E+0	2.702361E-5	3.602051E+1
1.000000E-1	1.391349E+1	1.391349E+1	5.396361E-5	3.620801E+1
1.500000E-1	2.085672E+1	2.085672E+1	8.089300E-5	3.639648E+1
2.000000E-1	2.777691E+1	2.777691E+1	1.077330E-4	3.696777E+1
2.500000E-1	3.470669E+1	3.470669E+1	1.346102E-4	3.715527E+1
3.000000E-1	4.165149E+1	4.165149E+1	1.615457E-4	3.734375E+1
3.500000E-1	4.859867E+1	4.859867E+1	1.884904E-4	3.753223E+1
4.000000E-1	4.079652E+2	4.079652E+2	1.582297E-3	3.810352E+1
4.500000E-1	4.620264E+2	4.620264E+2	1.791974E-3	3.829102E+1
5.000000E-1	5.142434E+2	5.142434E+2	1.994498E-3	3.847949E+1
5.000000E-1	5.218229E+2	5.218229E+2	2.023895E-3	3.866699E+1
4.500000E-1	4.845189E+2	4.845189E+2	1.879211E-3	3.885547E+1
4.000000E-1	4.451068E+2	4.451068E+2	1.726351E-3	3.904395E+1
3.500000E-1	4.859717E+1	4.859717E+1	1.884846E-4	3.942383E+1
3.000000E-1	4.164997E+1	4.164997E+1	1.615398E-4	3.961133E+1
2.500000E-1	3.470506E+1	3.470506E+1	1.346039E-4	3.979980E+1
2.000000E-1	2.777539E+1	2.777539E+1	1.077271E-4	3.998730E+1
1.500000E-1	2.085537E+1	2.085537E+1	8.088777E-5	4.036719E+1
1.000000E-1	1.391243E+1	1.391243E+1	5.395951E-5	4.055566E+1
5.000000E-2	6.966805E+0	6.966805E+0	2.702082E-5	4.074414E+1
0.000000E+0	5.278151E-4	5.278151E-4	2.047136E-9	4.131934E+1
-5.000000E-2	6.926576E+0	-6.926576E+0	-2.686479E-5	4.208887E+1
-1.000000E-1	1.387249E+1	-1.387249E+1	-5.380459E-5	4.227637E+1
-1.500000E-1	2.081577E+1	-2.081577E+1	-8.073417E-5	4.246484E+1
-2.000000E-1	2.774089E+1	-2.774089E+1	-1.075933E-4	4.303613E+1
-2.500000E-1	3.467082E+1	-3.467082E+1	-1.344711E-4	4.322461E+1
-3.000000E-1	4.162867E+1	-4.162867E+1	-1.614572E-4	4.341211E+1
-3.500000E-1	4.866362E+1	-4.866362E+1	-1.887423E-4	4.360059E+1
-4.000000E-1	5.570452E+1	-5.570452E+1	-2.160505E-4	4.378809E+1
-4.500000E-1	6.273013E+1	-6.273013E+1	-2.432994E-4	4.397656E+1
-5.000000E-1	6.975858E+1	-6.975858E+1	-2.705593E-4	4.416504E+1
-5.000000E-1	6.975840E+1	-6.975840E+1	-2.705586E-4	4.435254E+1
-4.500000E-1	6.273054E+1	-6.273054E+1	-2.433010E-4	4.454102E+1
-4.000000E-1	5.570478E+1	-5.570478E+1	-2.160515E-4	4.472949E+1
-3.500000E-1	4.866362E+1	-4.866362E+1	-1.887423E-4	4.491699E+1
-3.000000E-1	4.162867E+1	-4.162867E+1	-1.614572E-4	4.510547E+1
-2.500000E-1	3.467015E+1	-3.467015E+1	-1.344685E-4	4.529297E+1
-2.000000E-1	2.773993E+1	-2.773993E+1	-1.075896E-4	4.548145E+1
-1.500000E-1	2.081509E+1	-2.081509E+1	-8.073151E-5	4.586133E+1
-1.000000E-1	1.387167E+1	-1.387167E+1	-5.380141E-5	4.604980E+1
-5.000000E-2	6.925797E+0	-6.925797E+0	-2.686177E-5	4.623730E+1
0.000000E+0	4.037373E-4	4.037373E-4	1.565899E-9	4.681250E+1
0.000000E+0	3.705055E-4	3.705055E-4	1.437009E-9	4.700098E+1
5.000000E-2	6.967105E+0	6.967105E+0	2.702198E-5	4.777051E+1
1.000000E-1	1.391202E+1	1.391202E+1	5.395790E-5	4.795898E+1
1.500000E-1	2.085469E+1	2.085469E+1	8.088512E-5	4.814648E+1
2.000000E-1	2.777418E+1	2.777418E+1	1.077224E-4	4.871777E+1
2.500000E-1	3.470315E+1	3.470315E+1	1.345965E-4	4.890625E+1
3.000000E-1	4.164726E+1	4.164726E+1	1.615293E-4	4.909375E+1
3.500000E-1	4.859351E+1	4.859351E+1	1.884704E-4	4.928223E+1
4.000000E-1	4.243953E+2	4.243953E+2	1.646021E-3	4.985352E+1
4.500000E-1	4.785973E+2	4.785973E+2	1.856244E-3	5.004102E+1
5.000000E-1	5.308996E+2	5.308996E+2	2.059099E-3	5.022949E+1
5.000000E-1	5.383790E+2	5.383790E+2	2.088108E-3	5.041797E+1
4.500000E-1	5.008635E+2	5.008635E+2	1.942604E-3	5.060547E+1
4.000000E-1	4.612068E+2	4.612068E+2	1.788795E-3	5.079395E+1
3.500000E-1	4.859274E+1	4.859274E+1	1.884674E-4	5.117383E+1
3.000000E-1	4.164638E+1	4.164638E+1	1.615259E-4	5.136133E+1
2.500000E-1	3.470197E+1	3.470197E+1	1.345919E-4	5.154980E+1
2.000000E-1	2.777332E+1	2.777332E+1	1.077191E-4	5.173828E+1
1.500000E-1	2.085322E+1	2.085322E+1	8.087942E-5	5.211719E+1
1.000000E-1	1.391093E+1	1.391093E+1	5.395368E-5	5.230566E+1
5.000000E-2	6.965934E+0	6.965934E+0	2.701744E-5	5.249414E+1
0.000000E+0	5.306397E-4	5.306397E-4	2.058091E-9	5.306934E+1
-5.000000E-2	6.926024E+0	-6.926024E+0	-2.686265E-5	5.383887E+1
-1.000000E-1	1.387134E+1	-1.387134E+1	-5.380012E-5	5.402734E+1
-1.500000E-1	2.081399E+1	-2.081399E+1	-8.072726E-5	5.421484E+1
-2.000000E-1	2.773756E+1	-2.773756E+1	-1.075804E-4	5.478613E+1
-2.500000E-1	3.466755E+1	-3.466755E+1	-1.344584E-4	5.497461E+1
-3.000000E-1	4.162558E+1	-4.162558E+1	-1.614452E-4	5.516211E+1
-3.500000E-1	4.865998E+1	-4.865998E+1	-1.887282E-4	5.535059E+1
-4.000000E-1	5.570096E+1	-5.570096E+1	-2.160367E-4	5.553906E+1
-4.500000E-1	6.272613E+1	-6.272613E+1	-2.432839E-4	5.572656E+1
-5.000000E-1	6.975427E+1	-6.975427E+1	-2.705426E-4	5.591504E+1
-5.000000E-1	6.975425E+1	-6.975425E+1	-2.705425E-4	5.610254E+1
-4.500000E-1	6.272629E+1	-6.272629E+1	-2.432845E-4	5.629102E+1
-4.000000E-1	5.570132E+1	-5.570132E+1	-2.160381E-4	5.647949E+1
-3.500000E-1	4.866091E+1	-4.866091E+1	-1.887318E-4	5.666699E+1
-3.000000E-1	4.162558E+1	-4.162558E+1	-1.614452E-4	5.685547E+1
-2.500000E-1	3.466659E+1	-3.466659E+1	-1.344547E-4	5.704395E+1
-2.000000E-1	2.773676E+1	-2.773676E+1	-1.075773E-4	5.723145E+1
-1.500000E-1	2.081264E+1	-2.081264E+1	-8.072201E-5	5.761133E+1
-1.000000E-1	1.387008E+1	-1.387008E+1	-5.379523E-5	5.779980E+1
-5.000000E-2	6.924779E+0	-6.924779E+0	-2.685782E-5	5.798730E+1
0.000000E+0	4.025817E-4	4.025817E-4	1.561417E-9	5.856250E+1
0.000000E+0	3.590410E-4	3.590410E-4	1.392544E-9	0.000000E+0
5.000000E-2	6.964098E+0	6.964098E+0	2.701032E-5	7.695313E-1
1.000000E-1	1.391499E+1	1.391499E+1	5.396942E-5	9.570313E-1
1.500000E-1	2.086451E+1	2.086451E+1	8.092321E-5	1.145508E+0
2.000000E-1	2.779142E+1	2.779142E+1	1.077893E-4	1.716797E+0
2.500000E-1	3.472744E+1	3.472744E+1	1.346907E-4	1.904297E+0
3.000000E-1	4.167722E+1	4.167722E+1	1.616455E-4	2.092773E+0
3.500000E-1	4.862830E+1	4.862830E+1	1.886053E-4	2.281250E+0
4.000000E-1	5.558184E+1	5.558184E+1	2.155747E-4	2.468750E+0
4.500000E-1	1.670928E+2	1.670928E+2	6.480710E-4	2.657227E+0
5.000000E-1	2.213842E+2	2.213842E+2	8.586409E-4	2.844727E+0
5.000000E-1	2.359043E+2	2.359043E+2	9.149570E-4	3.033203E+0
4.500000E-1	2.083511E+2	2.083511E+2	8.080918E-4	3.221680E+0
4.000000E-1	5.558192E+1	5.558192E+1	2.155750E-4	3.409180E+0
3.500000E-1	4.862739E+1	4.862739E+1	1.886018E-4	3.597656E+0
3.000000E-1	4.167640E+1	4.167640E+1	1.616423E-4	3.786133E+0
2.500000E-1	3.472690E+1	3.472690E+1	1.346886E-4	3.973633E+0
2.000000E-1	2.779086E+1	2.779086E+1	1.077871E-4	4.162109E+0
1.500000E-1	2.086376E+1	2.086376E+1	8.092029E-5	4.541992E+0
1.000000E-1	1.391457E+1	1.391457E+1	5.396779E-5	4.729492E+0
5.000000E-2	6.963330E+0	6.963330E+0	2.700734E-5	4.917969E+0
0.000000E+0	3.156089E-4	3.156089E-4	1.224092E-9	5.493164E+0
-5.000000E-2	6.939568E+0	-6.939568E+0	-2.691518E-5	6.262695E+0
-1.000000E-1	1.389141E+1	-1.389141E+1	-5.387797E-5	6.451172E+0
-1.500000E-1	2.084124E+1	-2.084124E+1	-8.083296E-5	6.639648E+0
-2.000000E-1	2.777301E+1	-2.777301E+1	-1.077179E-4	7.209961E+0
-2.500000E-1	3.471029E+1	-3.471029E+1	-1.346242E-4	7.398438E+0
-3.000000E-1	4.166129E+1	-4.166129E+1	-1.615837E-4	7.586914E+0
-3.500000E-1	4.865379E+1	-4.865379E+1	-1.887042E-4	7.774414E+0
-4.000000E-1	5.568987E+1	-5.568987E+1	-2.159937E-4	7.962891E+0
-4.500000E-1	6.271306E+1	-6.271306E+1	-2.432332E-4	8.150391E+0
-5.000000E-1	6.973890E+1	-6.973890E+1	-2.704830E-4	8.338867E+0
-5.000000E-1	6.973857E+1	-6.973857E+1	-2.704817E-4	8.527344E+0
-4.500000E-1	6.271324E+1	-6.271324E+1	-2.432339E-4	8.714844E+0
-4.000000E-1	5.569000E+1	-5.569000E+1	-2.159942E-4	8.903320E+0
-3.500000E-1	4.865444E+1	-4.865444E+1	-1.887067E-4	9.091797E+0
-3.000000E-1	4.166119E+1	-4.166119E+1	-1.615833E-4	9.279297E+0
-2.500000E-1	3.470988E+1	-3.470988E+1	-1.346226E-4	9.467773E+0
-2.000000E-1	2.777227E+1	-2.777227E+1	-1.077150E-4	9.655273E+0
-1.500000E-1	2.084097E+1	-2.084097E+1	-8.083192E-5	1.003516E+1
-1.000000E-1	1.389062E+1	-1.389062E+1	-5.387492E-5	1.022363E+1
-5.000000E-2	6.939006E+0	-6.939006E+0	-2.691300E-5	1.041211E+1
0.000000E+0	2.982081E-4	2.982081E-4	1.156603E-9	1.098730E+1
0.000000E+0	4.753225E-5	4.753225E-5	1.843543E-10	1.139941E+1
5.000000E-2	6.964920E+0	6.964920E+0	2.701351E-5	1.216895E+1
1.000000E-1	1.391621E+1	1.391621E+1	5.397417E-5	1.235742E+1
1.500000E-1	2.086609E+1	2.086609E+1	8.092931E-5	1.254492E+1
2.000000E-1	2.779344E+1	2.779344E+1	1.077971E-4	1.311621E+1
2.500000E-1	3.472994E+1	3.472994E+1	1.347004E-4	1.330469E+1
3.000000E-1	4.167962E+1	4.167962E+1	1.616548E-4	1.349219E+1
3.500000E-1	4.863054E+1	4.863054E+1	1.886140E-4	1.368066E+1
4.000000E-1	5.558530E+1	5.558530E+1	2.155881E-4	1.386816E+1
4.500000E-1	2.380546E+2	2.380546E+2	9.232969E-4	1.405664E+1
5.000000E-1	3.145152E+2	3.145152E+2	1.219850E-3	1.462793E+1
5.000000E-1	3.227441E+2	3.227441E+2	1.251766E-3	1.481543E+1
4.500000E-1	2.875509E+2	2.875509E+2	1.115269E-3	1.500391E+1
4.000000E-1	5.558522E+1	5.558522E+1	2.155878E-4	1.538379E+1
3.500000E-1	4.863074E+1	4.863074E+1	1.886148E-4	1.557227E+1
3.000000E-1	4.167910E+1	4.167910E+1	1.616528E-4	1.575977E+1
2.500000E-1	3.472935E+1	3.472935E+1	1.346981E-4	1.594824E+1
2.000000E-1	2.779282E+1	2.779282E+1	1.077947E-4	1.613574E+1
1.500000E-1	2.086554E+1	2.086554E+1	8.092720E-5	1.651563E+1
1.000000E-1	1.391620E+1	1.391620E+1	5.397411E-5	1.670410E+1
5.000000E-2	6.964286E+0	6.964286E+0	2.701105E-5	1.689258E+1
0.000000E+0	3.965418E-4	3.965418E-4	1.537991E-9	1.746777E+1
-5.000000E-2	6.938490E+0	-6.938490E+0	-2.691100E-5	1.823730E+1
-1.000000E-1	1.389038E+1	-1.389038E+1	-5.387398E-5	1.842578E+1
-1.500000E-1	2.084006E+1	-2.084006E+1	-8.082835E-5	1.861328E+1
-2.000000E-1	2.777129E+1	-2.777129E+1	-1.077112E-4	1.918457E+1
-2.500000E-1	3.470826E+1	-3.470826E+1	-1.346163E-4	1.937305E+1
-3.000000E-1	4.165948E+1	-4.165948E+1	-1.615767E-4	1.956055E+1
-3.500000E-1	4.865415E+1	-4.865415E+1	-1.887056E-4	1.974902E+1
-4.000000E-1	5.568969E+1	-5.568969E+1	-2.159930E-4	1.993750E+1
-4.500000E-1	6.271306E+1	-6.271306E+1	-2.432332E-4	2.012500E+1
-5.000000E-1	6.973921E+1	-6.973921E+1	-2.704842E-4	2.031348E+1
-5.000000E-1	6.973937E+1	-6.973937E+1	-2.704848E-4	2.050098E+1
-4.500000E-1	6.271355E+1	-6.271355E+1	-2.432351E-4	2.068945E+1
-4.000000E-1	5.569041E+1	-5.569041E+1	-2.159958E-4	2.087793E+1
-3.500000E-1	4.865465E+1	-4.865465E+1	-1.887075E-4	2.106543E+1
-3.000000E-1	4.165868E+1	-4.165868E+1	-1.615736E-4	2.125391E+1
-2.500000E-1	3.470792E+1	-3.470792E+1	-1.346150E-4	2.144238E+1
-2.000000E-1	2.777100E+1	-2.777100E+1	-1.077101E-4	2.162988E+1
-1.500000E-1	2.083944E+1	-2.083944E+1	-8.082595E-5	2.200977E+1
-1.000000E-1	1.389023E+1	-1.389023E+1	-5.387340E-5	2.219824E+1
-5.000000E-2	6.938186E+0	-6.938186E+0	-2.690982E-5	2.238574E+1
0.000000E+0	3.506850E-4	3.506850E-4	1.360135E-9	2.296094E+1
0.000000E+0	4.547953E-5	4.547953E-5	1.763928E-10	2.337305E+1
5.000000E-2	6.963353E+0	6.963353E+0	2.700743E-5	2.414355E+1
1.000000E-1	1.391347E+1	1.391347E+1	5.396351E-5	2.433105E+1
1.500000E-1	2.086158E+1	2.086158E+1	8.091182E-5	2.451953E+1
2.000000E-1	2.778727E+1	2.778727E+1	1.077732E-4	2.509082E+1
2.500000E-1	3.472187E+1	3.472187E+1	1.346691E-4	2.527832E+1
3.000000E-1	4.167070E+1	4.167070E+1	1.616202E-4	2.546680E+1
3.500000E-1	4.862087E+1	4.862087E+1	1.885765E-4	2.565527E+1
4.000000E-1	5.557351E+1	5.557351E+1	2.155424E-4	2.584277E+1
4.500000E-1	3.028256E+2	3.028256E+2	1.174512E-3	2.641406E+1
5.000000E-1	3.547822E+2	3.547822E+2	1.376026E-3	2.660254E+1
5.000000E-1	3.630952E+2	3.630952E+2	1.408268E-3	2.679004E+1
4.500000E-1	3.271994E+2	3.271994E+2	1.269046E-3	2.697852E+1
4.000000E-1	5.557382E+1	5.557382E+1	2.155436E-4	2.735840E+1
3.500000E-1	4.862035E+1	4.862035E+1	1.885745E-4	2.754590E+1
3.000000E-1	4.167072E+1	4.167072E+1	1.616203E-4	2.773438E+1
2.500000E-1	3.472197E+1	3.472197E+1	1.346695E-4	2.792285E+1
2.000000E-1	2.778701E+1	2.778701E+1	1.077722E-4	2.811035E+1
1.500000E-1	2.086147E+1	2.086147E+1	8.091139E-5	2.849023E+1
1.000000E-1	1.391308E+1	1.391308E+1	5.396202E-5	2.867871E+1
5.000000E-2	6.963523E+0	6.963523E+0	2.700809E-5	2.886621E+1
0.000000E+0	4.064402E-4	4.064402E-4	1.576382E-9	2.944141E+1
-5.000000E-2	6.937317E+0	-6.937317E+0	-2.690645E-5	3.021191E+1
-1.000000E-1	1.388692E+1	-1.388692E+1	-5.386055E-5	3.039941E+1
-1.500000E-1	2.083538E+1	-2.083538E+1	-8.081023E-5	3.058789E+1
-2.000000E-1	2.776572E+1	-2.776572E+1	-1.076896E-4	3.115918E+1
-2.500000E-1	3.470143E+1	-3.470143E+1	-1.345898E-4	3.134668E+1
-3.000000E-1	4.165077E+1	-4.165077E+1	-1.615429E-4	3.153516E+1
-3.500000E-1	4.865297E+1	-4.865297E+1	-1.887010E-4	3.172363E+1
-4.000000E-1	5.568897E+1	-5.568897E+1	-2.159902E-4	3.191113E+1
-4.500000E-1	6.271205E+1	-6.271205E+1	-2.432293E-4	3.209961E+1
-5.000000E-1	6.973821E+1	-6.973821E+1	-2.704803E-4	3.228809E+1
-5.000000E-1	6.973829E+1	-6.973829E+1	-2.704806E-4	3.247559E+1
-4.500000E-1	6.271231E+1	-6.271231E+1	-2.432303E-4	3.266406E+1
-4.000000E-1	5.568946E+1	-5.568946E+1	-2.159921E-4	3.285156E+1
-3.500000E-1	4.865379E+1	-4.865379E+1	-1.887042E-4	3.304004E+1
-3.000000E-1	4.165118E+1	-4.165118E+1	-1.615445E-4	3.322852E+1
-2.500000E-1	3.470122E+1	-3.470122E+1	-1.345890E-4	3.341602E+1
-2.000000E-1	2.776531E+1	-2.776531E+1	-1.076880E-4	3.360449E+1
-1.500000E-1	2.083475E+1	-2.083475E+1	-8.080776E-5	3.398438E+1
-1.000000E-1	1.388673E+1	-1.388673E+1	-5.385981E-5	3.417285E+1
-5.000000E-2	6.936600E+0	-6.936600E+0	-2.690367E-5	3.436035E+1
0.000000E+0	2.831871E-4	2.831871E-4	1.098344E-9	3.493555E+1
0.000000E+0	3.420118E-4	3.420118E-4	1.326496E-9	3.512500E+1
5.000000E-2	6.963061E+0	6.963061E+0	2.700630E-5	3.589355E+1
1.000000E-1	1.391245E+1	1.391245E+1	5.395957E-5	3.608203E+1
1.500000E-1	2.085946E+1	2.085946E+1	8.090361E-5	3.626953E+1
2.000000E-1	2.778418E+1	2.778418E+1	1.077612E-4	3.684082E+1
2.500000E-1	3.471800E+1	3.471800E+1	1.346541E-4	3.702930E+1
3.000000E-1	4.166624E+1	4.166624E+1	1.616029E-4	3.721680E+1
3.500000E-1	4.861545E+1	4.861545E+1	1.885555E-4	3.740527E+1
4.000000E-1	5.556748E+1	5.556748E+1	2.155190E-4	3.759375E+1
4.500000E-1	3.326213E+2	3.326213E+2	1.290075E-3	3.816504E+1
5.000000E-1	3.847213E+2	3.847213E+2	1.492145E-3	3.835254E+1
5.000000E-1	3.926905E+2	3.926905E+2	1.523054E-3	3.854102E+1
4.500000E-1	3.560752E+2	3.560752E+2	1.381041E-3	3.872852E+1
4.000000E-1	9.942887E+1	9.942887E+1	3.856358E-4	3.910840E+1
3.500000E-1	4.861558E+1	4.861558E+1	1.885560E-4	3.929688E+1
3.000000E-1	4.166637E+1	4.166637E+1	1.616034E-4	3.948535E+1
2.500000E-1	3.471834E+1	3.471834E+1	1.346554E-4	3.967285E+1
2.000000E-1	2.778400E+1	2.778400E+1	1.077605E-4	3.986133E+1
1.500000E-1	2.085960E+1	2.085960E+1	8.090415E-5	4.024121E+1
1.000000E-1	1.391201E+1	1.391201E+1	5.395788E-5	4.042871E+1
5.000000E-2	6.963211E+0	6.963211E+0	2.700688E-5	4.061719E+1
0.000000E+0	4.169463E-4	4.169463E-4	1.617130E-9	4.119238E+1
-5.000000E-2	6.936356E+0	-6.936356E+0	-2.690272E-5	4.196191E+1
-1.000000E-1	1.388552E+1	-1.388552E+1	-5.385512E-5	4.215039E+1
-1.500000E-1	2.083327E+1	-2.083327E+1	-8.080204E-5	4.233789E+1
-2.000000E-1	2.776311E+1	-2.776311E+1	-1.076795E-4	4.290918E+1
-2.500000E-1	3.469794E+1	-3.469794E+1	-1.345763E-4	4.309766E+1
-3.000000E-1	4.164734E+1	-4.164734E+1	-1.615296E-4	4.328516E+1
-3.500000E-1	4.865222E+1	-4.865222E+1	-1.886981E-4	4.347363E+1
-4.000000E-1	5.568843E+1	-5.568843E+1	-2.159881E-4	4.366211E+1
-4.500000E-1	6.271164E+1	-6.271164E+1	-2.432277E-4	4.384961E+1
-5.000000E-1	6.973734E+1	-6.973734E+1	-2.704769E-4	4.403809E+1
-5.000000E-1	6.973743E+1	-6.973743E+1	-2.704773E-4	4.422656E+1
-4.500000E-1	6.271162E+1	-6.271162E+1	-2.432276E-4	4.441406E+1
-4.000000E-1	5.568856E+1	-5.568856E+1	-2.159886E-4	4.460254E+1
-3.500000E-1	4.865307E+1	-4.865307E+1	-1.887014E-4	4.479004E+1
-3.000000E-1	4.164667E+1	-4.164667E+1	-1.615270E-4	4.497852E+1
-2.500000E-1	3.469794E+1	-3.469794E+1	-1.345763E-4	4.516699E+1
-2.000000E-1	2.776242E+1	-2.776242E+1	-1.076768E-4	4.535449E+1
-1.500000E-1	2.083302E+1	-2.083302E+1	-8.080108E-5	4.573437E+1
-1.000000E-1	1.388511E+1	-1.388511E+1	-5.385355E-5	4.592285E+1
-5.000000E-2	6.935669E+0	-6.935669E+0	-2.690006E-5	4.611035E+1
0.000000E+0	3.016450E-4	3.016450E-4	1.169933E-9	4.668555E+1
0.000000E+0	3.274743E-4	3.274743E-4	1.270112E-9	4.687500E+1
5.000000E-2	6.963263E+0	6.963263E+0	2.700708E-5	4.764453E+1
1.000000E-1	1.391231E+1	1.391231E+1	5.395903E-5	4.783203E+1
1.500000E-1	2.085943E+1	2.085943E+1	8.090348E-5	4.802051E+1
2.000000E-1	2.778374E+1	2.778374E+1	1.077595E-4	4.859180E+1
2.500000E-1	3.471749E+1	3.471749E+1	1.346521E-4	4.877930E+1
3.000000E-1	4.166513E+1	4.166513E+1	1.615986E-4	4.896777E+1
3.500000E-1	4.861414E+1	4.861414E+1	1.885504E-4	4.915527E+1
4.000000E-1	7.191508E+1	7.191508E+1	2.789233E-4	4.934375E+1
4.500000E-1	3.514585E+2	3.514585E+2	1.363135E-3	4.991504E+1
5.000000E-1	4.037551E+2	4.037551E+2	1.565968E-3	5.010254E+1
5.000000E-1	4.116481E+2	4.116481E+2	1.596581E-3	5.029102E+1
4.500000E-1	3.747102E+2	3.747102E+2	1.453317E-3	5.047949E+1
4.000000E-1	1.312564E+2	1.312564E+2	5.090791E-4	5.085938E+1
3.500000E-1	4.861406E+1	4.861406E+1	1.885501E-4	5.104687E+1
3.000000E-1	4.166487E+1	4.166487E+1	1.615976E-4	5.123535E+1
2.500000E-1	3.471713E+1	3.471713E+1	1.346507E-4	5.142383E+1
2.000000E-1	2.778369E+1	2.778369E+1	1.077593E-4	5.161133E+1
1.500000E-1	2.085906E+1	2.085906E+1	8.090207E-5	5.199121E+1
1.000000E-1	1.391222E+1	1.391222E+1	5.395866E-5	5.217969E+1
5.000000E-2	6.963240E+0	6.963240E+0	2.700699E-5	5.236719E+1
0.000000E+0	4.176550E-4	4.176550E-4	1.619879E-9	5.294238E+1
-5.000000E-2	6.935399E+0	-6.935399E+0	-2.689901E-5	5.371289E+1
-1.000000E-1	1.388489E+1	-1.388489E+1	-5.385267E-5	5.390039E+1
-1.500000E-1	2.083180E+1	-2.083180E+1	-8.079634E-5	5.408887E+1
-2.000000E-1	2.776131E+1	-2.776131E+1	-1.076725E-4	5.466016E+1
-2.500000E-1	3.469619E+1	-3.469619E+1	-1.345695E-4	5.484766E+1
-3.000000E-1	4.164484E+1	-4.164484E+1	-1.615199E-4	5.503613E+1
-3.500000E-1	4.865142E+1	-4.865142E+1	-1.886950E-4	5.522461E+1
-4.000000E-1	5.568768E+1	-5.568768E+1	-2.159852E-4	5.541211E+1
-4.500000E-1	6.271097E+1	-6.271097E+1	-2.432251E-4	5.560059E+1
-5.000000E-1	6.973687E+1	-6.973687E+1	-2.704751E-4	5.578906E+1
-5.000000E-1	6.973671E+1	-6.973671E+1	-2.704745E-4	5.597656E+1
-4.500000E-1	6.271090E+1	-6.271090E+1	-2.432248E-4	5.616504E+1
-4.000000E-1	5.568784E+1	-5.568784E+1	-2.159858E-4	5.635254E+1
-3.500000E-1	4.865188E+1	-4.865188E+1	-1.886968E-4	5.654102E+1
-3.000000E-1	4.164474E+1	-4.164474E+1	-1.615195E-4	5.672949E+1
-2.500000E-1	3.469575E+1	-3.469575E+1	-1.345678E-4	5.691699E+1
-2.000000E-1	2.776108E+1	-2.776108E+1	-1.076716E-4	5.710547E+1
-1.500000E-1	2.083146E+1	-2.083146E+1	-8.079503E-5	5.748535E+1
-1.000000E-1	1.388456E+1	-1.388456E+1	-5.385141E-5	5.767285E+1
-5.000000E-2	6.934564E+0	-6.934564E+0	-2.689577E-5	5.786133E+1
0.000000E+0	3.722605E-4	3.722605E-4	1.443816E-9	5.843652E+1
0.000000E+0	4.690018E-4	4.690018E-4	1.819028E-9	0.000000E+0
5.000000E-2	6.964526E+0	6.964526E+0	2.701198E-5	7.695313E-1
1.000000E-1	1.391361E+1	1.391361E+1	5.396405E-5	9.570313E-1
1.500000E-1	2.086014E+1	2.086014E+1	8.090625E-5	1.145508E+0
2.000000E-1	2.778418E+1	2.778418E+1	1.077612E-4	1.716797E+0
2.500000E-1	3.471767E+1	3.471767E+1	1.346528E-4	1.904297E+0
3.000000E-1	4.166503E+1	4.166503E+1	1.615982E-4	2.092773E+0
3.500000E-1	4.861383E+1	4.861383E+1	1.885492E-4	2.280273E+0
4.000000E-1	5.556635E+1	5.556635E+1	2.155146E-4	2.468750E+0
4.500000E-1	2.009502E+2	2.009502E+2	7.793874E-4	2.657227E+0
5.000000E-1	2.573787E+2	2.573787E+2	9.982456E-4	2.844727E+0
5.000000E-1	2.919279E+2	2.919279E+2	1.132245E-3	3.416016E+0
4.500000E-1	2.589871E+2	2.589871E+2	1.004484E-3	3.604492E+0
4.000000E-1	5.556673E+1	5.556673E+1	2.155161E-4	3.984375E+0
3.500000E-1	4.861411E+1	4.861411E+1	1.885503E-4	4.171875E+0
3.000000E-1	4.166521E+1	4.166521E+1	1.615989E-4	4.360352E+0
2.500000E-1	3.471779E+1	3.471779E+1	1.346533E-4	4.547852E+0
2.000000E-1	2.778446E+1	2.778446E+1	1.077623E-4	4.736328E+0
1.500000E-1	2.086008E+1	2.086008E+1	8.090601E-5	5.116211E+0
1.000000E-1	1.391332E+1	1.391332E+1	5.396293E-5	5.304688E+0
5.000000E-2	6.964707E+0	6.964707E+0	2.701268E-5	5.492188E+0
0.000000E+0	4.689134E-4	4.689134E-4	1.818685E-9	6.067383E+0
-5.000000E-2	6.933940E+0	-6.933940E+0	-2.689335E-5	6.837891E+0
-1.000000E-1	1.388324E+1	-1.388324E+1	-5.384628E-5	7.025391E+0
-1.500000E-1	2.083040E+1	-2.083040E+1	-8.079089E-5	7.213867E+0
-2.000000E-1	2.775966E+1	-2.775966E+1	-1.076661E-4	7.785156E+0
-2.500000E-1	3.469436E+1	-3.469436E+1	-1.345624E-4	7.972656E+0
-3.000000E-1	4.164301E+1	-4.164301E+1	-1.615128E-4	8.161133E+0
-3.500000E-1	4.864856E+1	-4.864856E+1	-1.886839E-4	8.348633E+0
-4.000000E-1	5.568477E+1	-5.568477E+1	-2.159739E-4	8.537109E+0
-4.500000E-1	6.270757E+1	-6.270757E+1	-2.432119E-4	8.725586E+0
-5.000000E-1	6.973362E+1	-6.973362E+1	-2.704625E-4	8.913086E+0
-5.000000E-1	6.973400E+1	-6.973400E+1	-2.704640E-4	9.101563E+0
-4.500000E-1	6.270816E+1	-6.270816E+1	-2.432142E-4	9.290039E+0
-4.000000E-1	5.568557E+1	-5.568557E+1	-2.159770E-4	9.477539E+0
-3.500000E-1	4.864993E+1	-4.864993E+1	-1.886892E-4	9.666016E+0
-3.000000E-1	4.164311E+1	-4.164311E+1	-1.615132E-4	9.853516E+0
-2.500000E-1	3.469384E+1	-3.469384E+1	-1.345604E-4	1.004199E+1
-2.000000E-1	2.775940E+1	-2.775940E+1	-1.076651E-4	1.023047E+1
-1.500000E-1	2.083034E+1	-2.083034E+1	-8.079068E-5	1.061035E+1
-1.000000E-1	1.388320E+1	-1.388320E+1	-5.384612E-5	1.079785E+1
-5.000000E-2	6.933442E+0	-6.933442E+0	-2.689142E-5	1.098633E+1
0.000000E+0	3.422000E-4	3.422000E-4	1.327226E-9	1.156152E+1
0.000000E+0	3.220995E-4	3.220995E-4	1.249266E-9	1.175000E+1
5.000000E-2	6.964993E+0	6.964993E+0	2.701379E-5	1.251953E+1
1.000000E-1	1.391361E+1	1.391361E+1	5.396408E-5	1.270703E+1
1.500000E-1	2.086041E+1	2.086041E+1	8.090729E-5	1.289551E+1
2.000000E-1	2.778418E+1	2.778418E+1	1.077612E-4	1.346680E+1
2.500000E-1	3.471725E+1	3.471725E+1	1.346512E-4	1.365430E+1
3.000000E-1	4.166472E+1	4.166472E+1	1.615970E-4	1.384277E+1
3.500000E-1	4.861409E+1	4.861409E+1	1.885502E-4	1.403125E+1
4.000000E-1	5.556560E+1	5.556560E+1	2.155117E-4	1.421875E+1
4.500000E-1	3.053487E+2	3.053487E+2	1.184298E-3	1.479004E+1
5.000000E-1	3.569242E+2	3.569242E+2	1.384334E-3	1.497852E+1
5.000000E-1	3.652254E+2	3.652254E+2	1.416530E-3	1.516602E+1
4.500000E-1	3.297068E+2	3.297068E+2	1.278771E-3	1.535449E+1
4.000000E-1	8.935987E+1	8.935987E+1	3.465831E-4	1.573438E+1
3.500000E-1	4.861352E+1	4.861352E+1	1.885480E-4	1.592188E+1
3.000000E-1	4.166469E+1	4.166469E+1	1.615969E-4	1.611035E+1
2.500000E-1	3.471728E+1	3.471728E+1	1.346513E-4	1.629883E+1
2.000000E-1	2.778374E+1	2.778374E+1	1.077595E-4	1.648633E+1
1.500000E-1	2.085982E+1	2.085982E+1	8.090500E-5	1.686621E+1
1.000000E-1	1.391304E+1	1.391304E+1	5.396187E-5	1.705469E+1
5.000000E-2	6.964343E+0	6.964343E+0	2.701127E-5	1.724219E+1
0.000000E+0	4.772253E-4	4.772253E-4	1.850923E-9	1.781738E+1
-5.000000E-2	6.934004E+0	-6.934004E+0	-2.689360E-5	1.858789E+1
-1.000000E-1	1.388361E+1	-1.388361E+1	-5.384772E-5	1.877539E+1
-1.500000E-1	2.083061E+1	-2.083061E+1	-8.079172E-5	1.896387E+1
-2.000000E-1	2.775932E+1	-2.775932E+1	-1.076648E-4	1.953516E+1
-2.500000E-1	3.469400E+1	-3.469400E+1	-1.345610E-4	1.972266E+1
-3.000000E-1	4.164301E+1	-4.164301E+1	-1.615128E-4	1.991113E+1
-3.500000E-1	4.865003E+1	-4.865003E+1	-1.886896E-4	2.009961E+1
-4.000000E-1	5.568621E+1	-5.568621E+1	-2.159795E-4	2.028711E+1
-4.500000E-1	6.270914E+1	-6.270914E+1	-2.432180E-4	2.047559E+1
-5.000000E-1	6.973478E+1	-6.973478E+1	-2.704670E-4	2.066406E+1
-5.000000E-1	6.973481E+1	-6.973481E+1	-2.704671E-4	2.085156E+1
-4.500000E-1	6.270932E+1	-6.270932E+1	-2.432187E-4	2.104004E+1
-4.000000E-1	5.568657E+1	-5.568657E+1	-2.159809E-4	2.122754E+1
-3.500000E-1	4.865044E+1	-4.865044E+1	-1.886912E-4	2.141602E+1
-3.000000E-1	4.164259E+1	-4.164259E+1	-1.615112E-4	2.160449E+1
-2.500000E-1	3.469374E+1	-3.469374E+1	-1.345600E-4	2.179199E+1
-2.000000E-1	2.775907E+1	-2.775907E+1	-1.076638E-4	2.198047E+1
-1.500000E-1	2.082989E+1	-2.082989E+1	-8.078893E-5	2.236035E+1
-1.000000E-1	1.388257E+1	-1.388257E+1	-5.384366E-5	2.254883E+1
-5.000000E-2	6.933058E+0	-6.933058E+0	-2.688993E-5	2.273633E+1
0.000000E+0	3.182310E-4	3.182310E-4	1.234262E-9	2.331152E+1
0.000000E+0	3.625589E-4	3.625589E-4	1.406188E-9	2.350000E+1
5.000000E-2	6.965122E+0	6.965122E+0	2.701429E-5	2.426953E+1
1.000000E-1	1.391400E+1	1.391400E+1	5.396560E-5	2.445801E+1
1.500000E-1	2.086052E+1	2.086052E+1	8.090774E-5	2.464551E+1
2.000000E-1	2.778498E+1	2.778498E+1	1.077643E-4	2.521680E+1
2.500000E-1	3.471793E+1	3.471793E+1	1.346538E-4	2.540527E+1
3.000000E-1	4.166485E+1	4.166485E+1	1.615975E-4	2.559277E+1
3.500000E-1	4.861388E+1	4.861388E+1	1.885494E-4	2.578125E+1
4.000000E-1	7.190905E+1	7.190905E+1	2.788999E-4	2.596973E+1
4.500000E-1	3.397081E+2	3.397081E+2	1.317561E-3	2.654004E+1
5.000000E-1	3.916757E+2	3.916757E+2	1.519118E-3	2.672852E+1
5.000000E-1	3.996788E+2	3.996788E+2	1.550158E-3	2.691699E+1
4.500000E-1	3.632921E+2	3.632921E+2	1.409032E-3	2.710449E+1
4.000000E-1	1.330413E+2	1.330413E+2	5.160021E-4	2.748438E+1
3.500000E-1	4.861391E+1	4.861391E+1	1.885495E-4	2.767285E+1
3.000000E-1	4.166505E+1	4.166505E+1	1.615983E-4	2.786035E+1
2.500000E-1	3.471782E+1	3.471782E+1	1.346534E-4	2.804883E+1
2.000000E-1	2.778467E+1	2.778467E+1	1.077631E-4	2.823730E+1
1.500000E-1	2.086040E+1	2.086040E+1	8.090727E-5	2.861719E+1
1.000000E-1	1.391383E+1	1.391383E+1	5.396491E-5	2.880469E+1
5.000000E-2	6.965034E+0	6.965034E+0	2.701395E-5	2.899316E+1
0.000000E+0	4.601469E-4	4.601469E-4	1.784684E-9	2.956836E+1
-5.000000E-2	6.933452E+0	-6.933452E+0	-2.689146E-5	3.033789E+1
-1.000000E-1	1.388296E+1	-1.388296E+1	-5.384519E-5	3.052637E+1
-1.500000E-1	2.082997E+1	-2.082997E+1	-8.078922E-5	3.071387E+1
-2.000000E-1	2.775873E+1	-2.775873E+1	-1.076625E-4	3.128516E+1
-2.500000E-1	3.469351E+1	-3.469351E+1	-1.345591E-4	3.147363E+1
-3.000000E-1	4.164267E+1	-4.164267E+1	-1.615115E-4	3.166113E+1
-3.500000E-1	4.864998E+1	-4.864998E+1	-1.886894E-4	3.184961E+1
-4.000000E-1	5.568639E+1	-5.568639E+1	-2.159802E-4	3.203809E+1
-4.500000E-1	6.270958E+1	-6.270958E+1	-2.432197E-4	3.222559E+1
-5.000000E-1	6.973537E+1	-6.973537E+1	-2.704693E-4	3.241406E+1
-5.000000E-1	6.973547E+1	-6.973547E+1	-2.704697E-4	3.260156E+1
-4.500000E-1	6.270966E+1	-6.270966E+1	-2.432200E-4	3.279004E+1
-4.000000E-1	5.568691E+1	-5.568691E+1	-2.159822E-4	3.297852E+1
-3.500000E-1	4.865044E+1	-4.865044E+1	-1.886912E-4	3.316602E+1
-3.000000E-1	4.164195E+1	-4.164195E+1	-1.615087E-4	3.335449E+1
-2.500000E-1	3.469338E+1	-3.469338E+1	-1.345586E-4	3.354297E+1
-2.000000E-1	2.775855E+1	-2.775855E+1	-1.076618E-4	3.373047E+1
-1.500000E-1	2.082943E+1	-2.082943E+1	-8.078713E-5	3.411035E+1
-1.000000E-1	1.388248E+1	-1.388248E+1	-5.384332E-5	3.429883E+1
-5.000000E-2	6.933066E+0	-6.933066E+0	-2.688996E-5	3.448633E+1
0.000000E+0	3.219358E-4	3.219358E-4	1.248631E-9	3.506152E+1
0.000000E+0	4.517375E-4	4.517375E-4	1.752068E-9	0.000000E+0
5.000000E-2	6.975577E+0	6.975577E+0	2.705484E-5	7.695313E-1
1.000000E-1	1.393495E+1	1.393495E+1	5.404684E-5	9.570313E-1
1.500000E-1	2.089219E+1	2.089219E+1	8.103055E-5	1.145508E+0
2.000000E-1	2.782605E+1	2.782605E+1	1.079236E-4	1.716797E+0
2.500000E-1	3.476908E+1	3.476908E+1	1.348522E-4	1.904297E+0
3.000000E-1	4.172608E+1	4.172608E+1	1.618350E-4	2.092773E+0
3.500000E-1	4.868461E+1	4.868461E+1	1.888237E-4	2.281250E+0
4.000000E-1	5.564553E+1	5.564553E+1	2.158217E-4	2.468750E+0
4.500000E-1	1.129228E+2	1.129228E+2	4.379721E-4	2.657227E+0
5.000000E-1	2.462159E+2	2.462159E+2	9.549506E-4	2.845703E+0
5.000000E-1	2.617591E+2	2.617591E+2	1.015235E-3	3.033203E+0
4.500000E-1	1.681308E+2	1.681308E+2	6.520968E-4	3.221680E+0
4.000000E-1	5.564524E+1	5.564524E+1	2.158206E-4	3.409180E+0
3.500000E-1	4.868429E+1	4.868429E+1	1.888225E-4	3.597656E+0
3.000000E-1	4.172572E+1	4.172572E+1	1.618336E-4	3.786133E+0
2.500000E-1	3.476843E+1	3.476843E+1	1.348497E-4	3.973633E+0
2.000000E-1	2.782548E+1	2.782548E+1	1.079214E-4	4.162109E+0
1.500000E-1	2.089119E+1	2.089119E+1	8.102668E-5	4.541992E+0
1.000000E-1	1.393414E+1	1.393414E+1	5.404369E-5	4.729492E+0
5.000000E-2	6.974961E+0	6.974961E+0	2.705245E-5	4.917969E+0
0.000000E+0	3.979250E-4	3.979250E-4	1.543356E-9	5.493164E+0
-5.000000E-2	6.945147E+0	-6.945147E+0	-2.693682E-5	6.262695E+0
-1.000000E-1	1.390558E+1	-1.390558E+1	-5.393293E-5	6.451172E+0
-1.500000E-1	2.086365E+1	-2.086365E+1	-8.091987E-5	6.639648E+0
-2.000000E-1	2.780349E+1	-2.780349E+1	-1.078361E-4	7.210938E+0
-2.500000E-1	3.474858E+1	-3.474858E+1	-1.347727E-4	7.398438E+0
-3.000000E-1	4.170695E+1	-4.170695E+1	-1.617608E-4	7.586914E+0
-3.500000E-1	4.867674E+1	-4.867674E+1	-1.887932E-4	7.774414E+0
-4.000000E-1	5.571274E+1	-5.571274E+1	-2.160824E-4	7.962891E+0
-4.500000E-1	6.273779E+1	-6.273779E+1	-2.433291E-4	8.151367E+0
-5.000000E-1	6.976603E+1	-6.976603E+1	-2.705882E-4	8.338867E+0
-5.000000E-1	6.976533E+1	-6.976533E+1	-2.705855E-4	8.527344E+0
-4.500000E-1	6.273779E+1	-6.273779E+1	-2.433291E-4	8.715820E+0
-4.000000E-1	5.571274E+1	-5.571274E+1	-2.160824E-4	8.903320E+0
-3.500000E-1	4.867695E+1	-4.867695E+1	-1.887940E-4	9.091797E+0
-3.000000E-1	4.170654E+1	-4.170654E+1	-1.617592E-4	9.279297E+0
-2.500000E-1	3.474783E+1	-3.474783E+1	-1.347698E-4	9.467773E+0
-2.000000E-1	2.780290E+1	-2.780290E+1	-1.078338E-4	9.656250E+0
-1.500000E-1	2.086290E+1	-2.086290E+1	-8.091697E-5	1.003613E+1
-1.000000E-1	1.390468E+1	-1.390468E+1	-5.392943E-5	1.022363E+1
-5.000000E-2	6.944134E+0	-6.944134E+0	-2.693289E-5	1.041211E+1
0.000000E+0	3.338674E-4	3.338674E-4	1.294908E-9	1.098730E+1
0.000000E+0	3.482634E-4	3.482634E-4	1.350743E-9	1.117578E+1
5.000000E-2	6.976229E+0	6.976229E+0	2.705737E-5	1.194531E+1
1.000000E-1	1.393609E+1	1.393609E+1	5.405126E-5	1.213281E+1
1.500000E-1	2.089357E+1	2.089357E+1	8.103591E-5	1.232129E+1
2.000000E-1	2.782811E+1	2.782811E+1	1.079316E-4	1.289258E+1
2.500000E-1	3.477197E+1	3.477197E+1	1.348634E-4	1.308008E+1
3.000000E-1	4.172964E+1	4.172964E+1	1.618488E-4	1.326855E+1
3.500000E-1	4.868863E+1	4.868863E+1	1.888393E-4	1.345703E+1
4.000000E-1	5.565030E+1	5.565030E+1	2.158402E-4	1.364453E+1
4.500000E-1	1.613770E+2	1.613770E+2	6.259024E-4	1.383301E+1
5.000000E-1	3.313082E+2	3.313082E+2	1.284982E-3	1.440430E+1
5.000000E-1	3.396282E+2	3.396282E+2	1.317251E-3	1.459180E+1
4.500000E-1	2.331605E+2	2.331605E+2	9.043154E-4	1.497168E+1
4.000000E-1	5.564960E+1	5.564960E+1	2.158375E-4	1.516016E+1
3.500000E-1	4.868806E+1	4.868806E+1	1.888371E-4	1.534863E+1
3.000000E-1	4.172905E+1	4.172905E+1	1.618465E-4	1.553613E+1
2.500000E-1	3.477171E+1	3.477171E+1	1.348624E-4	1.572461E+1
2.000000E-1	2.782804E+1	2.782804E+1	1.079313E-4	1.591211E+1
1.500000E-1	2.089287E+1	2.089287E+1	8.103320E-5	1.629199E+1
1.000000E-1	1.393519E+1	1.393519E+1	5.404778E-5	1.648047E+1
5.000000E-2	6.975507E+0	6.975507E+0	2.705457E-5	1.666895E+1
0.000000E+0	3.916770E-4	3.916770E-4	1.519123E-9	1.724414E+1
-5.000000E-2	6.944689E+0	-6.944689E+0	-2.693504E-5	1.801367E+1
-1.000000E-1	1.390508E+1	-1.390508E+1	-5.393098E-5	1.820117E+1
-1.500000E-1	2.086242E+1	-2.086242E+1	-8.091511E-5	1.838965E+1
-2.000000E-1	2.780205E+1	-2.780205E+1	-1.078305E-4	1.896094E+1
-2.500000E-1	3.474724E+1	-3.474724E+1	-1.347675E-4	1.914941E+1
-3.000000E-1	4.170522E+1	-4.170522E+1	-1.617541E-4	1.933691E+1
-3.500000E-1	4.867520E+1	-4.867520E+1	-1.887872E-4	1.952539E+1
-4.000000E-1	5.571138E+1	-5.571138E+1	-2.160771E-4	1.971289E+1
-4.500000E-1	6.273562E+1	-6.273562E+1	-2.433207E-4	1.990137E+1
-5.000000E-1	6.976322E+1	-6.976322E+1	-2.705773E-4	2.008984E+1
-5.000000E-1	6.976307E+1	-6.976307E+1	-2.705767E-4	2.027734E+1
-4.500000E-1	6.273583E+1	-6.273583E+1	-2.433215E-4	2.046582E+1
-4.000000E-1	5.571081E+1	-5.571081E+1	-2.160749E-4	2.065430E+1
-3.500000E-1	4.867540E+1	-4.867540E+1	-1.887880E-4	2.084180E+1
-3.000000E-1	4.170473E+1	-4.170473E+1	-1.617522E-4	2.103027E+1
-2.500000E-1	3.474639E+1	-3.474639E+1	-1.347642E-4	2.121777E+1
-2.000000E-1	2.780150E+1	-2.780150E+1	-1.078284E-4	2.140625E+1
-1.500000E-1	2.086211E+1	-2.086211E+1	-8.091389E-5	2.178613E+1
-1.000000E-1	1.390463E+1	-1.390463E+1	-5.392922E-5	2.197461E+1
-5.000000E-2	6.943869E+0	-6.943869E+0	-2.693186E-5	2.216211E+1
0.000000E+0	3.185747E-4	3.185747E-4	1.235595E-9	2.273730E+1
0.000000E+0	3.576492E-4	3.576492E-4	1.387146E-9	2.292676E+1
5.000000E-2	6.976306E+0	6.976306E+0	2.705767E-5	2.369531E+1
1.000000E-1	1.393579E+1	1.393579E+1	5.405008E-5	2.388379E+1
1.500000E-1	2.089301E+1	2.089301E+1	8.103374E-5	2.407129E+1
2.000000E-1	2.782726E+1	2.782726E+1	1.079283E-4	2.464258E+1
2.500000E-1	3.477060E+1	3.477060E+1	1.348581E-4	2.483105E+1
3.000000E-1	4.172845E+1	4.172845E+1	1.618442E-4	2.501855E+1
3.500000E-1	4.868695E+1	4.868695E+1	1.888328E-4	2.520703E+1
4.000000E-1	5.564839E+1	5.564839E+1	2.158328E-4	2.539551E+1
4.500000E-1	2.009931E+2	2.009931E+2	7.795538E-4	2.558301E+1
5.000000E-1	3.618202E+2	3.618202E+2	1.403323E-3	2.615430E+1
5.000000E-1	3.698872E+2	3.698872E+2	1.434611E-3	2.634277E+1
4.500000E-1	2.581646E+2	2.581646E+2	1.001294E-3	2.653027E+1
4.000000E-1	5.564826E+1	5.564826E+1	2.158323E-4	2.691016E+1
3.500000E-1	4.868669E+1	4.868669E+1	1.888318E-4	2.709863E+1
3.000000E-1	4.172789E+1	4.172789E+1	1.618420E-4	2.728613E+1
2.500000E-1	3.477034E+1	3.477034E+1	1.348571E-4	2.747461E+1
2.000000E-1	2.782690E+1	2.782690E+1	1.079269E-4	2.766309E+1
1.500000E-1	2.089270E+1	2.089270E+1	8.103253E-5	2.804297E+1
1.000000E-1	1.393504E+1	1.393504E+1	5.404718E-5	2.823047E+1
5.000000E-2	6.975579E+0	6.975579E+0	2.705485E-5	2.841895E+1
0.000000E+0	4.283285E-4	4.283285E-4	1.661276E-9	2.899414E+1
-5.000000E-2	6.944191E+0	-6.944191E+0	-2.693311E-5	2.976367E+1
-1.000000E-1	1.390423E+1	-1.390423E+1	-5.392768E-5	2.995215E+1
-1.500000E-1	2.086201E+1	-2.086201E+1	-8.091349E-5	3.013965E+1
-2.000000E-1	2.780132E+1	-2.780132E+1	-1.078277E-4	3.071094E+1
-2.500000E-1	3.474595E+1	-3.474595E+1	-1.347625E-4	3.089941E+1
-3.000000E-1	4.170416E+1	-4.170416E+1	-1.617500E-4	3.108691E+1
-3.500000E-1	4.867388E+1	-4.867388E+1	-1.887821E-4	3.127539E+1
-4.000000E-1	5.570916E+1	-5.570916E+1	-2.160685E-4	3.146387E+1
-4.500000E-1	6.273325E+1	-6.273325E+1	-2.433115E-4	3.165137E+1
-5.000000E-1	6.976054E+1	-6.976054E+1	-2.705669E-4	3.183984E+1
-5.000000E-1	6.976095E+1	-6.976095E+1	-2.705685E-4	3.202832E+1
-4.500000E-1	6.273328E+1	-6.273328E+1	-2.433116E-4	3.221582E+1
-4.000000E-1	5.570947E+1	-5.570947E+1	-2.160697E-4	3.240430E+1
-3.500000E-1	4.867427E+1	-4.867427E+1	-1.887836E-4	3.259180E+1
-3.000000E-1	4.170347E+1	-4.170347E+1	-1.617473E-4	3.278027E+1
-2.500000E-1	3.474520E+1	-3.474520E+1	-1.347596E-4	3.296875E+1
-2.000000E-1	2.780071E+1	-2.780071E+1	-1.078253E-4	3.315625E+1
-1.500000E-1	2.086124E+1	-2.086124E+1	-8.091051E-5	3.353613E+1
-1.000000E-1	1.390405E+1	-1.390405E+1	-5.392698E-5	3.372461E+1
-5.000000E-2	6.944033E+0	-6.944033E+0	-2.693250E-5	3.391211E+1
0.000000E+0	3.183679E-4	3.183679E-4	1.234793E-9	3.448730E+1
