voltage_YSR_1_31B	absJ_YSR_1_31B	J_YSR_1_31B	current_YSR_1_31B	time_YSR_1_31B
0.000000E+0	1.177764E-5	1.177764E-5	4.567968E-11	0.000000E+0
5.000000E-2	1.483444E-5	1.483444E-5	5.753552E-11	5.234375E-1
1.000000E-1	1.367196E-5	1.367196E-5	5.302681E-11	1.128906E+0
1.500000E-1	1.494098E-5	1.494098E-5	5.794874E-11	2.024414E+0
2.000000E-1	1.471671E-5	1.471671E-5	5.707890E-11	2.630859E+0
2.500000E-1	1.560627E-5	1.560627E-5	6.052905E-11	3.525391E+0
3.000000E-1	2.064675E-5	2.064675E-5	8.007861E-11	4.131836E+0
3.500000E-1	1.899563E-5	1.899563E-5	7.367473E-11	5.027344E+0
4.000000E-1	2.512791E-5	2.512791E-5	9.745882E-11	5.632813E+0
4.500000E-1	2.841888E-5	2.841888E-5	1.102229E-10	5.821289E+0
5.000000E-1	2.999054E-5	2.999054E-5	1.163186E-10	6.010742E+0
5.000000E-1	3.074980E-5	3.074980E-5	1.192634E-10	6.199219E+0
4.500000E-1	2.808943E-5	2.808943E-5	1.089451E-10	6.387695E+0
4.000000E-1	2.445688E-5	2.445688E-5	9.485623E-11	7.366211E+0
3.500000E-1	1.888180E-5	1.888180E-5	7.323325E-11	8.261719E+0
3.000000E-1	2.055549E-5	2.055549E-5	7.972467E-11	8.867188E+0
2.500000E-1	1.742222E-5	1.742222E-5	6.757223E-11	9.762695E+0
2.000000E-1	1.684131E-5	1.684131E-5	6.531919E-11	1.028613E+1
1.500000E-1	1.587357E-5	1.587357E-5	6.156580E-11	1.080957E+1
1.000000E-1	1.410987E-5	1.410987E-5	5.472525E-11	1.133301E+1
5.000000E-2	1.221625E-5	1.221625E-5	4.738086E-11	1.185645E+1
0.000000E+0	1.044380E-5	1.044380E-5	4.050636E-11	1.237988E+1
-5.000000E-2	8.600108E-6	8.600108E-6	3.335560E-11	1.290332E+1
-1.000000E-1	6.895270E-6	6.895270E-6	2.674337E-11	1.342676E+1
-1.500000E-1	5.146111E-6	5.146111E-6	1.995924E-11	1.395020E+1
-2.000000E-1	3.424545E-6	3.424545E-6	1.328213E-11	1.447363E+1
-2.500000E-1	1.719908E-6	1.719908E-6	6.670678E-12	1.499707E+1
-3.000000E-1	1.867423E-8	1.867423E-8	7.242817E-14	1.552051E+1
-3.500000E-1	1.656063E-6	-1.656063E-6	-6.423057E-12	1.604395E+1
-4.000000E-1	3.338708E-6	-3.338708E-6	-1.294921E-11	1.656738E+1
-4.500000E-1	4.995097E-6	-4.995097E-6	-1.937353E-11	1.709082E+1
-5.000000E-1	6.635152E-6	-6.635152E-6	-2.573450E-11	1.761426E+1
-5.000000E-1	6.481549E-6	-6.481549E-6	-2.513875E-11	1.813770E+1
-4.500000E-1	4.364739E-6	-4.364739E-6	-1.692868E-11	1.866113E+1
-4.000000E-1	2.417349E-6	-2.417349E-6	-9.375709E-12	1.918457E+1
-3.500000E-1	6.156198E-7	-6.156198E-7	-2.387687E-12	1.970801E+1
-3.000000E-1	1.120046E-6	1.120046E-6	4.344108E-12	2.023145E+1
-2.500000E-1	2.809239E-6	2.809239E-6	1.089566E-11	2.075488E+1
-2.000000E-1	4.483351E-6	4.483351E-6	1.738872E-11	2.127832E+1
-1.500000E-1	6.117760E-6	6.117760E-6	2.372779E-11	2.180176E+1
-1.000000E-1	7.733296E-6	7.733296E-6	2.999366E-11	2.232520E+1
-5.000000E-2	9.350249E-6	9.350249E-6	3.626503E-11	2.284863E+1
0.000000E+0	1.094317E-5	1.094317E-5	4.244318E-11	2.337207E+1
0.000000E+0	1.075063E-5	1.075063E-5	4.169642E-11	2.389648E+1
5.000000E-2	1.232665E-5	1.232665E-5	4.780904E-11	2.441992E+1
1.000000E-1	1.394662E-5	1.394662E-5	5.409208E-11	2.494336E+1
1.500000E-1	1.549049E-5	1.549049E-5	6.008000E-11	2.546680E+1
2.000000E-1	1.638898E-5	1.638898E-5	6.356483E-11	2.599023E+1
2.500000E-1	1.712125E-5	1.712125E-5	6.640494E-11	2.651367E+1
3.000000E-1	1.872627E-5	1.872627E-5	7.263001E-11	2.711914E+1
3.500000E-1	1.808323E-5	1.808323E-5	7.013597E-11	2.801465E+1
4.000000E-1	2.155316E-5	2.155316E-5	8.359413E-11	2.862012E+1
4.500000E-1	2.324298E-5	2.324298E-5	9.014811E-11	2.993262E+1
5.000000E-1	2.650817E-5	2.650817E-5	1.028122E-10	3.012109E+1
5.000000E-1	2.460450E-5	2.460450E-5	9.542878E-11	3.126660E+1
4.500000E-1	1.878034E-5	1.878034E-5	7.283973E-11	3.216211E+1
4.000000E-1	2.087157E-5	2.087157E-5	8.095058E-11	3.276758E+1
3.500000E-1	1.746739E-5	1.746739E-5	6.774742E-11	3.366309E+1
3.000000E-1	1.720872E-5	1.720872E-5	6.674417E-11	3.426855E+1
2.500000E-1	1.593028E-5	1.593028E-5	6.178576E-11	3.516406E+1
2.000000E-1	1.499213E-5	1.499213E-5	5.814713E-11	3.568750E+1
1.500000E-1	1.323805E-5	1.323805E-5	5.134391E-11	3.621094E+1
1.000000E-1	1.157918E-5	1.157918E-5	4.490996E-11	3.673437E+1
5.000000E-2	9.887729E-6	9.887729E-6	3.834965E-11	3.725781E+1
0.000000E+0	8.386225E-6	8.386225E-6	3.252605E-11	3.778125E+1
-5.000000E-2	6.759071E-6	6.759071E-6	2.621512E-11	3.830566E+1
-1.000000E-1	5.257512E-6	5.257512E-6	2.039131E-11	3.882910E+1
-1.500000E-1	3.713442E-6	3.713442E-6	1.440262E-11	3.935254E+1
-2.000000E-1	2.112800E-6	2.112800E-6	8.194515E-12	3.987598E+1
-2.500000E-1	6.655812E-7	6.655812E-7	2.581463E-12	4.039941E+1
-3.000000E-1	8.815067E-7	-8.815067E-7	-3.418932E-12	4.092285E+1
-3.500000E-1	2.364711E-6	-2.364711E-6	-9.171552E-12	4.144629E+1
-4.000000E-1	3.879070E-6	-3.879070E-6	-1.504501E-11	4.196973E+1
-4.500000E-1	5.372017E-6	-5.372017E-6	-2.083542E-11	4.249316E+1
-5.000000E-1	6.867669E-6	-6.867669E-6	-2.663632E-11	4.301660E+1
-5.000000E-1	6.680074E-6	-6.680074E-6	-2.590873E-11	4.354004E+1
-4.500000E-1	4.682848E-6	-4.682848E-6	-1.816247E-11	4.406348E+1
-4.000000E-1	2.922522E-6	-2.922522E-6	-1.133503E-11	4.458691E+1
-3.500000E-1	1.250712E-6	-1.250712E-6	-4.850897E-12	4.511035E+1
-3.000000E-1	3.733986E-7	3.733986E-7	1.448230E-12	4.563379E+1
-2.500000E-1	1.920955E-6	1.920955E-6	7.450443E-12	4.615723E+1
-2.000000E-1	3.466156E-6	3.466156E-6	1.344352E-11	4.668066E+1
-1.500000E-1	4.972735E-6	4.972735E-6	1.928680E-11	4.720410E+1
-1.000000E-1	6.486440E-6	6.486440E-6	2.515772E-11	4.772754E+1
-5.000000E-2	7.999795E-6	7.999795E-6	3.102728E-11	4.825098E+1
0.000000E+0	9.465131E-6	9.465131E-6	3.671060E-11	4.877441E+1
0.000000E+0	9.287813E-6	9.287813E-6	3.602287E-11	4.929785E+1
5.000000E-2	1.079127E-5	1.079127E-5	4.185405E-11	4.982129E+1
1.000000E-1	1.231454E-5	1.231454E-5	4.776207E-11	5.034473E+1
1.500000E-1	1.379042E-5	1.379042E-5	5.348626E-11	5.086816E+1
2.000000E-1	1.522910E-5	1.522910E-5	5.906620E-11	5.139160E+1
2.500000E-1	1.621943E-5	1.621943E-5	6.290723E-11	5.191504E+1
3.000000E-1	1.649160E-5	1.649160E-5	6.396284E-11	5.252148E+1
3.500000E-1	1.723389E-5	1.723389E-5	6.684182E-11	5.341602E+1
4.000000E-1	1.937397E-5	1.937397E-5	7.514211E-11	5.402246E+1
4.500000E-1	2.107532E-5	2.107532E-5	8.174084E-11	5.533496E+1
5.000000E-1	1.872372E-5	1.872372E-5	7.262012E-11	5.622949E+1
5.000000E-1	2.220836E-5	2.220836E-5	8.613532E-11	5.683594E+1
4.500000E-1	1.803840E-5	1.803840E-5	6.996212E-11	5.773145E+1
4.000000E-1	1.870569E-5	1.870569E-5	7.255019E-11	5.833691E+1
3.500000E-1	1.666254E-5	1.666254E-5	6.462582E-11	5.923242E+1
3.000000E-1	1.513466E-5	1.513466E-5	5.869993E-11	5.983887E+1
2.500000E-1	1.462853E-5	1.462853E-5	5.673691E-11	6.073340E+1
2.000000E-1	1.343105E-5	1.343105E-5	5.209244E-11	6.125684E+1
1.500000E-1	1.180663E-5	1.180663E-5	4.579213E-11	6.178027E+1
1.000000E-1	1.024237E-5	1.024237E-5	3.972513E-11	6.230371E+1
5.000000E-2	8.654451E-6	8.654451E-6	3.356637E-11	6.282715E+1
0.000000E+0	7.266954E-6	7.266954E-6	2.818495E-11	6.335059E+1
-5.000000E-2	5.728856E-6	5.728856E-6	2.221942E-11	6.387500E+1
-1.000000E-1	4.313660E-6	4.313660E-6	1.673057E-11	6.439844E+1
-1.500000E-1	2.900638E-6	2.900638E-6	1.125015E-11	6.492188E+1
-2.000000E-1	1.372966E-6	1.372966E-6	5.325060E-12	6.544531E+1
-2.500000E-1	4.812576E-8	4.812576E-8	1.866562E-13	6.596875E+1
-3.000000E-1	1.421127E-6	-1.421127E-6	-5.511855E-12	6.649219E+1
-3.500000E-1	2.802432E-6	-2.802432E-6	-1.086926E-11	6.701563E+1
-4.000000E-1	4.226157E-6	-4.226157E-6	-1.639119E-11	6.753906E+1
-4.500000E-1	5.685174E-6	-5.685174E-6	-2.205000E-11	6.806250E+1
-5.000000E-1	7.061030E-6	-7.061030E-6	-2.738627E-11	6.858594E+1
-5.000000E-1	6.867808E-6	-6.867808E-6	-2.663686E-11	6.910937E+1
-4.500000E-1	4.926642E-6	-4.926642E-6	-1.910803E-11	6.963281E+1
-4.000000E-1	3.197643E-6	-3.197643E-6	-1.240209E-11	7.015625E+1
-3.500000E-1	1.592605E-6	-1.592605E-6	-6.176934E-12	7.067969E+1
-3.000000E-1	2.790936E-9	-2.790936E-9	-1.082467E-14	7.120312E+1
-2.500000E-1	1.461742E-6	1.461742E-6	5.669382E-12	7.172656E+1
-2.000000E-1	2.952988E-6	2.952988E-6	1.145319E-11	7.225000E+1
-1.500000E-1	4.436362E-6	4.436362E-6	1.720647E-11	7.277344E+1
-1.000000E-1	5.872416E-6	5.872416E-6	2.277622E-11	7.329687E+1
-5.000000E-2	7.350489E-6	7.350489E-6	2.850894E-11	7.382031E+1
0.000000E+0	8.731973E-6	8.731973E-6	3.386704E-11	7.434375E+1
0.000000E+0	8.538455E-6	8.538455E-6	3.311648E-11	7.486719E+1
5.000000E-2	9.994615E-6	9.994615E-6	3.876421E-11	7.539063E+1
1.000000E-1	1.146967E-5	1.146967E-5	4.448523E-11	7.591406E+1
1.500000E-1	1.294124E-5	1.294124E-5	5.019272E-11	7.643750E+1
2.000000E-1	1.429383E-5	1.429383E-5	5.543877E-11	7.696094E+1
2.500000E-1	1.563122E-5	1.563122E-5	6.062584E-11	7.748438E+1
3.000000E-1	1.578751E-5	1.578751E-5	6.123202E-11	7.809082E+1
3.500000E-1	1.667317E-5	1.667317E-5	6.466704E-11	7.898535E+1
4.000000E-1	1.837627E-5	1.837627E-5	7.127254E-11	7.959180E+1
4.500000E-1	1.789225E-5	1.789225E-5	6.939526E-11	8.048730E+1
5.000000E-1	2.085523E-5	2.085523E-5	8.088719E-11	8.109277E+1
5.000000E-1	1.840433E-5	1.840433E-5	7.138135E-11	8.198828E+1
4.500000E-1	1.907693E-5	1.907693E-5	7.399004E-11	8.259375E+1
4.000000E-1	1.701536E-5	1.701536E-5	6.599424E-11	8.348926E+1
3.500000E-1	1.652614E-5	1.652614E-5	6.409680E-11	8.401270E+1
3.000000E-1	1.558414E-5	1.558414E-5	6.044324E-11	8.453613E+1
2.500000E-1	1.400616E-5	1.400616E-5	5.432302E-11	8.505957E+1
2.000000E-1	1.241706E-5	1.241706E-5	4.815970E-11	8.558301E+1
1.500000E-1	1.100841E-5	1.100841E-5	4.269624E-11	8.610645E+1
1.000000E-1	9.472133E-6	9.472133E-6	3.673776E-11	8.662988E+1
5.000000E-2	8.084167E-6	8.084167E-6	3.135452E-11	8.715332E+1
0.000000E+0	6.681105E-6	6.681105E-6	2.591273E-11	8.767676E+1
-5.000000E-2	5.205296E-6	5.205296E-6	2.018879E-11	8.820020E+1
-1.000000E-1	3.902262E-6	3.902262E-6	1.513496E-11	8.872363E+1
-1.500000E-1	2.413198E-6	2.413198E-6	9.359610E-12	8.924707E+1
-2.000000E-1	1.084393E-6	1.084393E-6	4.205830E-12	8.977051E+1
-2.500000E-1	2.563475E-7	-2.563475E-7	-9.942464E-13	9.029395E+1
-3.000000E-1	1.706672E-6	-1.706672E-6	-6.619344E-12	9.081738E+1
-3.500000E-1	3.056932E-6	-3.056932E-6	-1.185634E-11	9.134082E+1
-4.000000E-1	4.476039E-6	-4.476039E-6	-1.736036E-11	9.186426E+1
-4.500000E-1	5.759151E-6	-5.759151E-6	-2.233692E-11	9.238770E+1
-5.000000E-1	7.155017E-6	-7.155017E-6	-2.775080E-11	9.291113E+1
-5.000000E-1	6.921584E-6	-6.921584E-6	-2.684543E-11	9.343457E+1
-4.500000E-1	5.003383E-6	-5.003383E-6	-1.940567E-11	9.395801E+1
-4.000000E-1	3.335385E-6	-3.335385E-6	-1.293632E-11	9.448145E+1
-3.500000E-1	1.764863E-6	-1.764863E-6	-6.845038E-12	9.500488E+1
-3.000000E-1	2.682806E-7	-2.682806E-7	-1.040529E-12	9.552832E+1
-2.500000E-1	1.209409E-6	1.209409E-6	4.690706E-12	9.605176E+1
-2.000000E-1	2.733058E-6	2.733058E-6	1.060019E-11	9.657520E+1
-1.500000E-1	4.055004E-6	4.055004E-6	1.572737E-11	9.709863E+1
-1.000000E-1	5.521000E-6	5.521000E-6	2.141325E-11	9.762207E+1
-5.000000E-2	6.929079E-6	6.929079E-6	2.687450E-11	9.814551E+1
0.000000E+0	8.287467E-6	8.287467E-6	3.214302E-11	9.866895E+1
0.000000E+0	8.096999E-6	8.096999E-6	3.140429E-11	9.919336E+1
5.000000E-2	9.509633E-6	9.509633E-6	3.688320E-11	9.971680E+1
1.000000E-1	1.095689E-5	1.095689E-5	4.249642E-11	1.002402E+2
1.500000E-1	1.234174E-5	1.234174E-5	4.786754E-11	1.007637E+2
2.000000E-1	1.369077E-5	1.369077E-5	5.309980E-11	1.012871E+2
2.500000E-1	1.513984E-5	1.513984E-5	5.872001E-11	1.018105E+2
3.000000E-1	1.605348E-5	1.605348E-5	6.226356E-11	1.023340E+2
3.500000E-1	1.678004E-5	1.678004E-5	6.508154E-11	1.028574E+2
4.000000E-1	1.786031E-5	1.786031E-5	6.927137E-11	1.034629E+2
4.500000E-1	1.758693E-5	1.758693E-5	6.821107E-11	1.043584E+2
5.000000E-1	2.031793E-5	2.031793E-5	7.880330E-11	1.049648E+2
5.000000E-1	1.808725E-5	1.808725E-5	7.015157E-11	1.058594E+2
4.500000E-1	1.828479E-5	1.828479E-5	7.091772E-11	1.064658E+2
4.000000E-1	1.668918E-5	1.668918E-5	6.472914E-11	1.073613E+2
3.500000E-1	1.617410E-5	1.617410E-5	6.273140E-11	1.078848E+2
3.000000E-1	1.498468E-5	1.498468E-5	5.811823E-11	1.084082E+2
2.500000E-1	1.339260E-5	1.339260E-5	5.194333E-11	1.089316E+2
2.000000E-1	1.183499E-5	1.183499E-5	4.590214E-11	1.094551E+2
1.500000E-1	1.047702E-5	1.047702E-5	4.063522E-11	1.099785E+2
1.000000E-1	9.003577E-6	9.003577E-6	3.492046E-11	1.105020E+2
5.000000E-2	7.610717E-6	7.610717E-6	2.951824E-11	1.110254E+2
0.000000E+0	6.251458E-6	6.251458E-6	2.424634E-11	1.115488E+2
-5.000000E-2	4.826215E-6	4.826215E-6	1.871852E-11	1.120723E+2
-1.000000E-1	3.556108E-6	3.556108E-6	1.379240E-11	1.125957E+2
-1.500000E-1	2.097342E-6	2.097342E-6	8.134562E-12	1.131191E+2
-2.000000E-1	8.341431E-7	8.341431E-7	3.235232E-12	1.136426E+2
-2.500000E-1	5.547095E-7	-5.547095E-7	-2.151446E-12	1.141660E+2
-3.000000E-1	1.951401E-6	-1.951401E-6	-7.568529E-12	1.146895E+2
-3.500000E-1	3.199964E-6	-3.199964E-6	-1.241109E-11	1.152129E+2
-4.000000E-1	4.635425E-6	-4.635425E-6	-1.797854E-11	1.157363E+2
-4.500000E-1	5.876123E-6	-5.876123E-6	-2.279060E-11	1.162598E+2
-5.000000E-1	7.279031E-6	-7.279031E-6	-2.823179E-11	1.167832E+2
-5.000000E-1	6.998769E-6	-6.998769E-6	-2.714479E-11	1.173066E+2
-4.500000E-1	5.117314E-6	-5.117314E-6	-1.984755E-11	1.178301E+2
-4.000000E-1	3.464222E-6	-3.464222E-6	-1.343602E-11	1.183535E+2
-3.500000E-1	1.896570E-6	-1.896570E-6	-7.355866E-12	1.188770E+2
-3.000000E-1	4.535846E-7	-4.535846E-7	-1.759232E-12	1.194004E+2
-2.500000E-1	9.975058E-7	9.975058E-7	3.868836E-12	1.199238E+2
-2.000000E-1	2.490364E-6	2.490364E-6	9.658899E-12	1.204473E+2
-1.500000E-1	3.822479E-6	3.822479E-6	1.482552E-11	1.209707E+2
-1.000000E-1	5.291321E-6	5.291321E-6	2.052244E-11	1.214941E+2
-5.000000E-2	6.584096E-6	6.584096E-6	2.553648E-11	1.220176E+2
0.000000E+0	7.970118E-6	7.970118E-6	3.091218E-11	1.225410E+2
0.000000E+0	7.749183E-6	7.749183E-6	3.005528E-11	1.230654E+2
5.000000E-2	9.155582E-6	9.155582E-6	3.551001E-11	1.235889E+2
1.000000E-1	1.061085E-5	1.061085E-5	4.115427E-11	1.241123E+2
1.500000E-1	1.194283E-5	1.194283E-5	4.632036E-11	1.246357E+2
2.000000E-1	1.331754E-5	1.331754E-5	5.165222E-11	1.251592E+2
2.500000E-1	1.463236E-5	1.463236E-5	5.675173E-11	1.256826E+2
3.000000E-1	1.574723E-5	1.574723E-5	6.107576E-11	1.262061E+2
3.500000E-1	1.654530E-5	1.654530E-5	6.417109E-11	1.267295E+2
4.000000E-1	1.717889E-5	1.717889E-5	6.662850E-11	1.272529E+2
4.500000E-1	1.780957E-5	1.780957E-5	6.907459E-11	1.277764E+2
5.000000E-1	1.998583E-5	1.998583E-5	7.751522E-11	1.283818E+2
5.000000E-1	1.787887E-5	1.787887E-5	6.934336E-11	1.292773E+2
4.500000E-1	1.779555E-5	1.779555E-5	6.902023E-11	1.298828E+2
4.000000E-1	1.645702E-5	1.645702E-5	6.382869E-11	1.307783E+2
3.500000E-1	1.588441E-5	1.588441E-5	6.160782E-11	1.313018E+2
3.000000E-1	1.450848E-5	1.450848E-5	5.627126E-11	1.318252E+2
2.500000E-1	1.295368E-5	1.295368E-5	5.024096E-11	1.323486E+2
2.000000E-1	1.144570E-5	1.144570E-5	4.439227E-11	1.328721E+2
1.500000E-1	1.008809E-5	1.008809E-5	3.912676E-11	1.333955E+2
1.000000E-1	8.652837E-6	8.652837E-6	3.356011E-11	1.339189E+2
5.000000E-2	7.302903E-6	7.302903E-6	2.832438E-11	1.344424E+2
0.000000E+0	5.939331E-6	5.939331E-6	2.303575E-11	1.349658E+2
-5.000000E-2	4.554760E-6	4.554760E-6	1.766568E-11	1.354902E+2
-1.000000E-1	3.296841E-6	3.296841E-6	1.278683E-11	1.360137E+2
-1.500000E-1	1.876336E-6	1.876336E-6	7.277387E-12	1.365371E+2
-2.000000E-1	6.583604E-7	6.583604E-7	2.553457E-12	1.370605E+2
-2.500000E-1	7.477205E-7	-7.477205E-7	-2.900041E-12	1.375840E+2
-3.000000E-1	2.074553E-6	-2.074553E-6	-8.046175E-12	1.381074E+2
-3.500000E-1	3.316607E-6	-3.316607E-6	-1.286349E-11	1.386309E+2
-4.000000E-1	4.737462E-6	-4.737462E-6	-1.837429E-11	1.391543E+2
-4.500000E-1	5.949737E-6	-5.949737E-6	-2.307611E-11	1.396777E+2
-5.000000E-1	7.343197E-6	-7.343197E-6	-2.848066E-11	1.402012E+2
-5.000000E-1	7.042868E-6	-7.042868E-6	-2.731583E-11	1.407246E+2
-4.500000E-1	5.200405E-6	-5.200405E-6	-2.016982E-11	1.412480E+2
-4.000000E-1	3.545403E-6	-3.545403E-6	-1.375088E-11	1.417715E+2
-3.500000E-1	1.963410E-6	-1.963410E-6	-7.615103E-12	1.422949E+2
-3.000000E-1	5.634580E-7	-5.634580E-7	-2.185377E-12	1.428184E+2
-2.500000E-1	9.077021E-7	9.077021E-7	3.520531E-12	1.433418E+2
-2.000000E-1	2.299453E-6	2.299453E-6	8.918449E-12	1.438652E+2
-1.500000E-1	3.636010E-6	3.636010E-6	1.410230E-11	1.443887E+2
-1.000000E-1	5.088393E-6	5.088393E-6	1.973538E-11	1.449121E+2
-5.000000E-2	6.364107E-6	6.364107E-6	2.468325E-11	1.454355E+2
0.000000E+0	7.788634E-6	7.788634E-6	3.020829E-11	1.459590E+2
0.000000E+0	7.490929E-6	7.490929E-6	2.905364E-11	1.464824E+2
5.000000E-2	8.892032E-6	8.892032E-6	3.448783E-11	1.470059E+2
1.000000E-1	1.033449E-5	1.033449E-5	4.008240E-11	1.475293E+2
1.500000E-1	1.161757E-5	1.161757E-5	4.505886E-11	1.480527E+2
2.000000E-1	1.302807E-5	1.302807E-5	5.052950E-11	1.485762E+2
2.500000E-1	1.424929E-5	1.424929E-5	5.526601E-11	1.490996E+2
3.000000E-1	1.555317E-5	1.555317E-5	6.032311E-11	1.496230E+2
3.500000E-1	1.549156E-5	1.549156E-5	6.008416E-11	1.505635E+2
4.000000E-1	1.651660E-5	1.651660E-5	6.405977E-11	1.514590E+2
4.500000E-1	1.773393E-5	1.773393E-5	6.878120E-11	1.520645E+2
5.000000E-1	1.771790E-5	1.771790E-5	6.871905E-11	1.529600E+2
5.000000E-1	1.886401E-5	1.886401E-5	7.316425E-11	1.535664E+2
4.500000E-1	1.694334E-5	1.694334E-5	6.571491E-11	1.544609E+2
4.000000E-1	1.648216E-5	1.648216E-5	6.392620E-11	1.549844E+2
3.500000E-1	1.553695E-5	1.553695E-5	6.026019E-11	1.555078E+2
3.000000E-1	1.397909E-5	1.397909E-5	5.421803E-11	1.560313E+2
2.500000E-1	1.245617E-5	1.245617E-5	4.831139E-11	1.565547E+2
2.000000E-1	1.109248E-5	1.109248E-5	4.302229E-11	1.570781E+2
1.500000E-1	9.660667E-6	9.660667E-6	3.746899E-11	1.576016E+2
1.000000E-1	8.315364E-6	8.315364E-6	3.225122E-11	1.581250E+2
5.000000E-2	6.967733E-6	6.967733E-6	2.702442E-11	1.586484E+2
0.000000E+0	5.601092E-6	5.601092E-6	2.172389E-11	1.591719E+2
-5.000000E-2	4.332969E-6	4.332969E-6	1.680546E-11	1.596963E+2
-1.000000E-1	2.941308E-6	2.941308E-6	1.140789E-11	1.602197E+2
-1.500000E-1	1.701427E-6	1.701427E-6	6.598999E-12	1.607432E+2
-2.000000E-1	3.540768E-7	3.540768E-7	1.373290E-12	1.612666E+2
-2.500000E-1	9.741766E-7	-9.741766E-7	-3.778353E-12	1.617900E+2
-3.000000E-1	2.178884E-6	-2.178884E-6	-8.450823E-12	1.623135E+2
-3.500000E-1	3.592687E-6	-3.592687E-6	-1.393427E-11	1.628369E+2
-4.000000E-1	4.782391E-6	-4.782391E-6	-1.854855E-11	1.633604E+2
-4.500000E-1	6.158768E-6	-6.158768E-6	-2.388684E-11	1.638838E+2
-5.000000E-1	7.444058E-6	-7.444058E-6	-2.887185E-11	1.644072E+2
-5.000000E-1	7.127612E-6	-7.127612E-6	-2.764451E-11	1.649307E+2
-4.500000E-1	5.311569E-6	-5.311569E-6	-2.060097E-11	1.654541E+2
-4.000000E-1	3.654749E-6	-3.654749E-6	-1.417498E-11	1.659775E+2
-3.500000E-1	2.161301E-6	-2.161301E-6	-8.382628E-12	1.665010E+2
-3.000000E-1	7.038851E-7	-7.038851E-7	-2.730025E-12	1.670244E+2
-2.500000E-1	7.814659E-7	7.814659E-7	3.030923E-12	1.675479E+2
-2.000000E-1	2.093503E-6	2.093503E-6	8.119672E-12	1.680713E+2
-1.500000E-1	3.546502E-6	3.546502E-6	1.375514E-11	1.685947E+2
-1.000000E-1	4.845650E-6	4.845650E-6	1.879390E-11	1.691182E+2
-5.000000E-2	6.163811E-6	6.163811E-6	2.390640E-11	1.696416E+2
0.000000E+0	7.555248E-6	7.555248E-6	2.930310E-11	1.701650E+2
0.000000E+0	7.207346E-6	7.207346E-6	2.795376E-11	1.706885E+2
5.000000E-2	8.673105E-6	8.673105E-6	3.363872E-11	1.712119E+2
1.000000E-1	1.001388E-5	1.001388E-5	3.883892E-11	1.717354E+2
1.500000E-1	1.136523E-5	1.136523E-5	4.408014E-11	1.722588E+2
2.000000E-1	1.273187E-5	1.273187E-5	4.938068E-11	1.727822E+2
2.500000E-1	1.394139E-5	1.394139E-5	5.407183E-11	1.733057E+2
3.000000E-1	1.532659E-5	1.532659E-5	5.944431E-11	1.738291E+2
3.500000E-1	1.484349E-5	1.484349E-5	5.757061E-11	1.744355E+2
4.000000E-1	1.641871E-5	1.641871E-5	6.368014E-11	1.753301E+2
4.500000E-1	1.737359E-5	1.737359E-5	6.738365E-11	1.759365E+2
5.000000E-1	1.759013E-5	1.759013E-5	6.822348E-11	1.768320E+2
5.000000E-1	1.858876E-5	1.858876E-5	7.209666E-11	1.774375E+2
4.500000E-1	1.679263E-5	1.679263E-5	6.513039E-11	1.783330E+2
4.000000E-1	1.631507E-5	1.631507E-5	6.327817E-11	1.788564E+2
3.500000E-1	1.526810E-5	1.526810E-5	5.921746E-11	1.793799E+2
3.000000E-1	1.365463E-5	1.365463E-5	5.295960E-11	1.799033E+2
2.500000E-1	1.217876E-5	1.217876E-5	4.723542E-11	1.804268E+2
2.000000E-1	1.082026E-5	1.082026E-5	4.196646E-11	1.809502E+2
1.500000E-1	9.409416E-6	9.409416E-6	3.649451E-11	1.814736E+2
1.000000E-1	8.073419E-6	8.073419E-6	3.131283E-11	1.819971E+2
5.000000E-2	6.723903E-6	6.723903E-6	2.607872E-11	1.825205E+2
0.000000E+0	5.384922E-6	5.384922E-6	2.088547E-11	1.830439E+2
-5.000000E-2	4.127245E-6	4.127245E-6	1.600756E-11	1.835674E+2
-1.000000E-1	2.760290E-6	2.760290E-6	1.070581E-11	1.840908E+2
-1.500000E-1	1.527684E-6	1.527684E-6	5.925135E-12	1.846143E+2
-2.000000E-1	1.822088E-7	1.822088E-7	7.066986E-13	1.851377E+2
-2.500000E-1	1.127263E-6	-1.127263E-6	-4.372100E-12	1.856611E+2
-3.000000E-1	2.313214E-6	-2.313214E-6	-8.971823E-12	1.861846E+2
-3.500000E-1	3.711789E-6	-3.711789E-6	-1.439621E-11	1.867080E+2
-4.000000E-1	4.880893E-6	-4.880893E-6	-1.893059E-11	1.872314E+2
-4.500000E-1	6.268937E-6	-6.268937E-6	-2.431413E-11	1.877549E+2
-5.000000E-1	7.467784E-6	-7.467784E-6	-2.896387E-11	1.882783E+2
-5.000000E-1	7.229285E-6	-7.229285E-6	-2.803885E-11	1.888018E+2
-4.500000E-1	5.384770E-6	-5.384770E-6	-2.088488E-11	1.893252E+2
-4.000000E-1	3.747790E-6	-3.747790E-6	-1.453584E-11	1.898486E+2
-3.500000E-1	2.255542E-6	-2.255542E-6	-8.748141E-12	1.903721E+2
-3.000000E-1	8.117655E-7	-8.117655E-7	-3.148440E-12	1.908955E+2
-2.500000E-1	6.671127E-7	6.671127E-7	2.587403E-12	1.914189E+2
-2.000000E-1	1.969654E-6	1.969654E-6	7.639320E-12	1.919424E+2
-1.500000E-1	3.406847E-6	3.406847E-6	1.321349E-11	1.924658E+2
-1.000000E-1	4.672344E-6	4.672344E-6	1.812173E-11	1.929893E+2
-5.000000E-2	6.032294E-6	6.032294E-6	2.339631E-11	1.935127E+2
0.000000E+0	7.392525E-6	7.392525E-6	2.867198E-11	1.940361E+2
0.000000E+0	7.030165E-6	7.030165E-6	2.726656E-11	1.945605E+2
5.000000E-2	8.507101E-6	8.507101E-6	3.299487E-11	1.950840E+2
1.000000E-1	9.817872E-6	9.817872E-6	3.807871E-11	1.956074E+2
1.500000E-1	1.120607E-5	1.120607E-5	4.346286E-11	1.961309E+2
2.000000E-1	1.249384E-5	1.249384E-5	4.845748E-11	1.966543E+2
2.500000E-1	1.369803E-5	1.369803E-5	5.312794E-11	1.971777E+2
3.000000E-1	1.508266E-5	1.508266E-5	5.849824E-11	1.977012E+2
3.500000E-1	1.598155E-5	1.598155E-5	6.198458E-11	1.982246E+2
4.000000E-1	1.671101E-5	1.671101E-5	6.481383E-11	1.987480E+2
4.500000E-1	1.754294E-5	1.754294E-5	6.804046E-11	1.993535E+2
5.000000E-1	1.747668E-5	1.747668E-5	6.778347E-11	2.002490E+2
5.000000E-1	1.830585E-5	1.830585E-5	7.099943E-11	2.008555E+2
4.500000E-1	1.667299E-5	1.667299E-5	6.466634E-11	2.017500E+2
4.000000E-1	1.613398E-5	1.613398E-5	6.257578E-11	2.022734E+2
3.500000E-1	1.499786E-5	1.499786E-5	5.816934E-11	2.027969E+2
3.000000E-1	1.340715E-5	1.340715E-5	5.199974E-11	2.033203E+2
2.500000E-1	1.194042E-5	1.194042E-5	4.631102E-11	2.038438E+2
2.000000E-1	1.059306E-5	1.059306E-5	4.108529E-11	2.043672E+2
1.500000E-1	9.195009E-6	9.195009E-6	3.566293E-11	2.048906E+2
1.000000E-1	7.886553E-6	7.886553E-6	3.058807E-11	2.054141E+2
5.000000E-2	6.549519E-6	6.549519E-6	2.540237E-11	2.059375E+2
0.000000E+0	5.220109E-6	5.220109E-6	2.024624E-11	2.064609E+2
-5.000000E-2	3.945549E-6	3.945549E-6	1.530285E-11	2.069844E+2
-1.000000E-1	2.610542E-6	2.610542E-6	1.012501E-11	2.075078E+2
-1.500000E-1	1.413130E-6	1.413130E-6	5.480838E-12	2.080312E+2
-2.000000E-1	4.056161E-8	4.056161E-8	1.573186E-13	2.085547E+2
-2.500000E-1	8.261174E-7	-8.261174E-7	-3.204104E-12	2.090781E+2
-3.000000E-1	2.497108E-6	-2.497108E-6	-9.685058E-12	2.096016E+2
-3.500000E-1	3.866756E-6	-3.866756E-6	-1.499725E-11	2.101250E+2
-4.000000E-1	4.993243E-6	-4.993243E-6	-1.936634E-11	2.106484E+2
-4.500000E-1	6.343821E-6	-6.343821E-6	-2.460457E-11	2.111719E+2
-5.000000E-1	7.499136E-6	-7.499136E-6	-2.908547E-11	2.116953E+2
-5.000000E-1	7.245773E-6	-7.245773E-6	-2.810280E-11	2.122187E+2
-4.500000E-1	5.395921E-6	-5.395921E-6	-2.092813E-11	2.127422E+2
-4.000000E-1	3.847053E-6	-3.847053E-6	-1.492083E-11	2.132656E+2
-3.500000E-1	2.329105E-6	-2.329105E-6	-9.033455E-12	2.137891E+2
-3.000000E-1	8.211044E-7	-8.211044E-7	-3.184661E-12	2.143125E+2
-2.500000E-1	5.061434E-7	5.061434E-7	1.963082E-12	2.148359E+2
-2.000000E-1	1.953960E-6	1.953960E-6	7.578452E-12	2.153594E+2
-1.500000E-1	3.262294E-6	3.262294E-6	1.265284E-11	2.158828E+2
-1.000000E-1	4.596719E-6	4.596719E-6	1.782842E-11	2.164063E+2
-5.000000E-2	5.952114E-6	5.952114E-6	2.308533E-11	2.169297E+2
0.000000E+0	7.166395E-6	7.166395E-6	2.779493E-11	2.174531E+2
0.000000E+0	6.973818E-6	6.973818E-6	2.704802E-11	2.179775E+2
5.000000E-2	8.326580E-6	8.326580E-6	3.229472E-11	2.185010E+2
1.000000E-1	9.738416E-6	9.738416E-6	3.777054E-11	2.190244E+2
1.500000E-1	1.099286E-5	1.099286E-5	4.263590E-11	2.195479E+2
2.000000E-1	1.228619E-5	1.228619E-5	4.765211E-11	2.200713E+2
2.500000E-1	1.362899E-5	1.362899E-5	5.286016E-11	2.205947E+2
3.000000E-1	1.480076E-5	1.480076E-5	5.740489E-11	2.211182E+2
3.500000E-1	1.592553E-5	1.592553E-5	6.176733E-11	2.216416E+2
4.000000E-1	1.586260E-5	1.586260E-5	6.152323E-11	2.222471E+2
4.500000E-1	1.686077E-5	1.686077E-5	6.539465E-11	2.231426E+2
5.000000E-1	1.780550E-5	1.780550E-5	6.905881E-11	2.236660E+2
5.000000E-1	1.776121E-5	1.776121E-5	6.888703E-11	2.241895E+2
4.500000E-1	1.655134E-5	1.655134E-5	6.419454E-11	2.247949E+2
4.000000E-1	1.579498E-5	1.579498E-5	6.126099E-11	2.256904E+2
3.500000E-1	1.481624E-5	1.481624E-5	5.746494E-11	2.262139E+2
3.000000E-1	1.329928E-5	1.329928E-5	5.158139E-11	2.267373E+2
2.500000E-1	1.183302E-5	1.183302E-5	4.589449E-11	2.272607E+2
2.000000E-1	1.039832E-5	1.039832E-5	4.032998E-11	2.277842E+2
1.500000E-1	9.074318E-6	9.074318E-6	3.519483E-11	2.283076E+2
1.000000E-1	7.718780E-6	7.718780E-6	2.993736E-11	2.288311E+2
5.000000E-2	6.404058E-6	6.404058E-6	2.483820E-11	2.293545E+2
0.000000E+0	5.111482E-6	5.111482E-6	1.982493E-11	2.298779E+2
-5.000000E-2	3.781416E-6	3.781416E-6	1.466626E-11	2.304014E+2
-1.000000E-1	2.554204E-6	2.554204E-6	9.906506E-12	2.309248E+2
-1.500000E-1	1.208869E-6	1.208869E-6	4.688611E-12	2.314482E+2
-2.000000E-1	3.446092E-8	3.446092E-8	1.336570E-13	2.319717E+2
-2.500000E-1	1.324385E-6	-1.324385E-6	-5.136641E-12	2.324951E+2
-3.000000E-1	2.588422E-6	-2.588422E-6	-1.003922E-11	2.330186E+2
-3.500000E-1	3.780855E-6	-3.780855E-6	-1.466408E-11	2.335420E+2
-4.000000E-1	5.132397E-6	-5.132397E-6	-1.990605E-11	2.340654E+2
-4.500000E-1	6.283174E-6	-6.283174E-6	-2.436935E-11	2.345889E+2
-5.000000E-1	7.647105E-6	-7.647105E-6	-2.965937E-11	2.351123E+2
-5.000000E-1	7.305454E-6	-7.305454E-6	-2.833427E-11	2.356357E+2
-4.500000E-1	5.476506E-6	-5.476506E-6	-2.124068E-11	2.361592E+2
-4.000000E-1	3.849739E-6	-3.849739E-6	-1.493125E-11	2.366826E+2
-3.500000E-1	2.315282E-6	-2.315282E-6	-8.979845E-12	2.372061E+2
-3.000000E-1	9.514910E-7	-9.514910E-7	-3.690367E-12	2.377295E+2
-2.500000E-1	5.070595E-7	5.070595E-7	1.966635E-12	2.382529E+2
-2.000000E-1	1.861730E-6	1.861730E-6	7.220738E-12	2.387764E+2
-1.500000E-1	3.146900E-6	3.146900E-6	1.220528E-11	2.392998E+2
-1.000000E-1	4.550537E-6	4.550537E-6	1.764930E-11	2.398232E+2
-5.000000E-2	5.772166E-6	5.772166E-6	2.238740E-11	2.403467E+2
0.000000E+0	7.165825E-6	7.165825E-6	2.779272E-11	2.408701E+2
