voltage_YSR_32E	absJ_YSR_32E	J_YSR_32E	current_YSR_32E	time_YSR_32E
0.000000E+0	1.436827E-5	-1.436827E-5	-5.572748E-11	0.000000E+0
5.000000E-2	1.193286E-5	-1.193286E-5	-4.628173E-11	5.234375E-1
1.000000E-1	6.018186E-6	-6.018186E-6	-2.334159E-11	1.046875E+0
1.500000E-1	5.385718E+0	5.385718E+0	2.088856E-5	1.622070E+0
2.000000E-1	3.770041E-3	3.770041E-3	1.462214E-8	2.197266E+0
2.500000E-1	1.557026E-2	1.557026E-2	6.038941E-8	2.385742E+0
3.000000E-1	7.485002E+0	7.485002E+0	2.903065E-5	2.766602E+0
3.500000E-1	6.555250E+0	6.555250E+0	2.542460E-5	2.954102E+0
4.000000E-1	8.785837E+0	8.785837E+0	3.407595E-5	3.142578E+0
4.500000E-1	1.094914E+1	1.094914E+1	4.246633E-5	3.331055E+0
5.000000E-1	1.049161E+1	1.049161E+1	4.069181E-5	3.518555E+0
5.000000E-1	1.121103E+1	1.121103E+1	4.348210E-5	3.707031E+0
4.500000E-1	4.403369E+0	4.403369E+0	1.707851E-5	3.894531E+0
4.000000E-1	2.987269E+0	2.987269E+0	1.158615E-5	4.083008E+0
3.500000E-1	1.253680E+1	1.253680E+1	4.862411E-5	4.853516E+0
3.000000E-1	9.166519E+0	9.166519E+0	3.555243E-5	5.041016E+0
2.500000E-1	4.012745E-3	4.012745E-3	1.556347E-8	5.422852E+0
2.000000E-1	3.309888E+0	3.309888E+0	1.283743E-5	5.803711E+0
1.500000E-1	2.709239E-4	2.709239E-4	1.050781E-9	6.945313E+0
1.000000E-1	3.908009E-4	3.908009E-4	1.515725E-9	7.743164E+0
5.000000E-2	6.460699E-5	6.460699E-5	2.505788E-10	8.155273E+0
0.000000E+0	1.355955E-5	-1.355955E-5	-5.259086E-11	9.050781E+0
-5.000000E-2	1.603406E-5	-1.603406E-5	-6.218827E-11	9.574219E+0
-1.000000E-1	1.421082E-3	-1.421082E-3	-5.511681E-9	1.056738E+1
-1.500000E-1	5.385324E+0	-5.385324E+0	-2.088703E-5	1.133691E+1
-2.000000E-1	7.206699E+0	-7.206699E+0	-2.795125E-5	1.152539E+1
-2.500000E-1	9.023449E+0	-9.023449E+0	-3.499753E-5	1.171289E+1
-3.000000E-1	1.084013E+1	-1.084013E+1	-4.204355E-5	1.190137E+1
-3.500000E-1	1.265618E+1	-1.265618E+1	-4.908712E-5	1.208984E+1
-4.000000E-1	1.446672E+1	-1.446672E+1	-5.610933E-5	1.227734E+1
-4.500000E-1	1.627575E+1	-1.627575E+1	-6.312563E-5	1.246582E+1
-5.000000E-1	1.808518E+1	-1.808518E+1	-7.014356E-5	1.265332E+1
-5.000000E-1	1.808616E+1	-1.808616E+1	-7.014733E-5	1.284180E+1
-4.500000E-1	1.628091E+1	-1.628091E+1	-6.314566E-5	1.303027E+1
-4.000000E-1	1.447156E+1	-1.447156E+1	-5.612810E-5	1.321777E+1
-3.500000E-1	1.265785E+1	-1.265785E+1	-4.909359E-5	1.340625E+1
-3.000000E-1	1.084762E+1	-1.084762E+1	-4.207261E-5	1.359473E+1
-2.500000E-1	9.034045E+0	-9.034045E+0	-3.503863E-5	1.378223E+1
-2.000000E-1	7.225105E+0	-7.225105E+0	-2.802264E-5	1.397070E+1
-1.500000E-1	5.417156E+0	-5.417156E+0	-2.101049E-5	1.415820E+1
-1.000000E-1	3.610070E+0	-3.610070E+0	-1.400169E-5	1.434668E+1
-5.000000E-2	1.798198E+0	-1.798198E+0	-6.974329E-6	1.472852E+1
0.000000E+0	3.941635E-6	-3.941635E-6	-1.528767E-11	1.623340E+1
0.000000E+0	8.991501E-6	-8.991501E-6	-3.487362E-11	1.675781E+1
5.000000E-2	1.016792E-5	-1.016792E-5	-3.943638E-11	1.728125E+1
1.000000E-1	7.511236E-6	-7.511236E-6	-2.913240E-11	1.780469E+1
1.500000E-1	5.793873E-6	-5.793873E-6	-2.247159E-11	1.832813E+1
2.000000E-1	3.288464E-6	-3.288464E-6	-1.275434E-11	1.885156E+1
2.500000E-1	1.074339E-6	-1.074339E-6	-4.166834E-12	1.937500E+1
3.000000E-1	1.439465E-6	1.439465E-6	5.582979E-12	1.989844E+1
3.500000E-1	3.232569E-6	3.232569E-6	1.253755E-11	2.042187E+1
4.000000E-1	5.324507E-6	5.324507E-6	2.065115E-11	2.094531E+1
4.500000E-1	7.651481E-6	7.651481E-6	2.967634E-11	2.146875E+1
5.000000E-1	1.015625E-5	1.015625E-5	3.939112E-11	2.199219E+1
5.000000E-1	1.701832E+1	1.701832E+1	6.600573E-5	2.273438E+1
4.500000E-1	1.522640E+1	1.522640E+1	5.905572E-5	2.292285E+1
4.000000E-1	6.287310E+0	6.287310E+0	2.438539E-5	2.311035E+1
3.500000E-1	1.363194E-6	1.363194E-6	5.287160E-12	2.419922E+1
3.000000E-1	1.090469E-7	1.090469E-7	4.229395E-13	2.472266E+1
2.500000E-1	2.263156E-6	-2.263156E-6	-8.777673E-12	2.524609E+1
2.000000E-1	4.451117E-6	-4.451117E-6	-1.726370E-11	2.576953E+1
1.500000E-1	6.554654E-6	-6.554654E-6	-2.542229E-11	2.629297E+1
1.000000E-1	8.597016E-6	-8.597016E-6	-3.334361E-11	2.681641E+1
5.000000E-2	1.059767E-5	-1.059767E-5	-4.110318E-11	2.733984E+1
0.000000E+0	1.258640E-5	-1.258640E-5	-4.881646E-11	2.786328E+1
-5.000000E-2	1.094319E-5	-1.094319E-5	-4.244327E-11	2.846973E+1
-1.000000E-1	1.501234E-5	-1.501234E-5	-5.822549E-11	2.936523E+1
-1.500000E-1	1.569236E-5	-1.569236E-5	-6.086298E-11	2.997070E+1
-2.000000E-1	1.085222E-5	-1.085222E-5	-4.209044E-11	3.128320E+1
-2.500000E-1	1.699732E-5	-1.699732E-5	-6.592428E-11	3.217871E+1
-3.000000E-1	1.334093E-5	-1.334093E-5	-5.174294E-11	3.278516E+1
-3.500000E-1	1.828964E-5	-1.828964E-5	-7.093655E-11	3.367969E+1
-4.000000E-1	2.191025E-5	-2.191025E-5	-8.497913E-11	3.428613E+1
-4.500000E-1	2.899354E-5	-2.899354E-5	-1.124517E-10	3.447461E+1
-5.000000E-1	3.099474E-5	-3.099474E-5	-1.202134E-10	3.466309E+1
-5.000000E-1	3.124373E-5	-3.124373E-5	-1.211791E-10	3.485254E+1
-4.500000E-1	2.853473E-5	-2.853473E-5	-1.106722E-10	3.504102E+1
-4.000000E-1	2.005647E-5	-2.005647E-5	-7.778922E-11	3.601855E+1
-3.500000E-1	1.789945E-5	-1.789945E-5	-6.942320E-11	3.691406E+1
-3.000000E-1	1.891897E-5	-1.891897E-5	-7.337742E-11	3.752051E+1
-2.500000E-1	1.640196E-5	-1.640196E-5	-6.361515E-11	3.841504E+1
-2.000000E-1	1.562760E-5	-1.562760E-5	-6.061179E-11	3.893848E+1
-1.500000E-1	1.452209E-5	-1.452209E-5	-5.632406E-11	3.946191E+1
-1.000000E-1	1.273068E-5	-1.273068E-5	-4.937607E-11	3.998535E+1
-5.000000E-2	1.074233E-5	-1.074233E-5	-4.166423E-11	4.050879E+1
0.000000E+0	8.747500E-6	-8.747500E-6	-3.392726E-11	4.103223E+1
0.000000E+0	8.975005E-6	-8.975005E-6	-3.480964E-11	4.155664E+1
5.000000E-2	6.996682E-6	-6.996682E-6	-2.713670E-11	4.208008E+1
1.000000E-1	4.909262E-6	-4.909262E-6	-1.904062E-11	4.260352E+1
1.500000E-1	3.101039E-6	-3.101039E-6	-1.202741E-11	4.312695E+1
2.000000E-1	1.247867E-6	-1.247867E-6	-4.839865E-12	4.365039E+1
2.500000E-1	7.471659E-7	7.471659E-7	2.897890E-12	4.417383E+1
3.000000E-1	2.364181E-6	2.364181E-6	9.169498E-12	4.469727E+1
3.500000E-1	4.294642E-6	4.294642E-6	1.665681E-11	4.522070E+1
4.000000E-1	5.914329E-6	5.914329E-6	2.293878E-11	4.574414E+1
4.500000E-1	7.751540E-6	7.751540E-6	3.006442E-11	4.626758E+1
5.000000E-1	9.602980E-6	9.602980E-6	3.724525E-11	4.679102E+1
5.000000E-1	9.049172E-6	9.049172E-6	3.509730E-11	4.731445E+1
4.500000E-1	6.524540E-6	6.524540E-6	2.530549E-11	4.783789E+1
4.000000E-1	4.316029E-6	4.316029E-6	1.673976E-11	4.836133E+1
3.500000E-1	2.293402E-6	2.293402E-6	8.894982E-12	4.888477E+1
3.000000E-1	3.307402E-7	3.307402E-7	1.282779E-12	4.940820E+1
2.500000E-1	1.654328E-6	-1.654328E-6	-6.416326E-12	4.993164E+1
2.000000E-1	3.390370E-6	-3.390370E-6	-1.314958E-11	5.045508E+1
1.500000E-1	5.301299E-6	-5.301299E-6	-2.056114E-11	5.097852E+1
1.000000E-1	6.933831E-6	-6.933831E-6	-2.689293E-11	5.150195E+1
5.000000E-2	8.692626E-6	-8.692626E-6	-3.371443E-11	5.202539E+1
0.000000E+0	1.040770E-5	-1.040770E-5	-4.036636E-11	5.254883E+1
-5.000000E-2	1.206926E-5	-1.206926E-5	-4.681074E-11	5.307227E+1
-1.000000E-1	1.380742E-5	-1.380742E-5	-5.355219E-11	5.359570E+1
-1.500000E-1	1.475294E-5	-1.475294E-5	-5.721940E-11	5.411914E+1
-2.000000E-1	1.567754E-5	-1.567754E-5	-6.080549E-11	5.464258E+1
-2.500000E-1	1.376779E-5	-1.376779E-5	-5.339851E-11	5.524902E+1
-3.000000E-1	1.674080E-5	-1.674080E-5	-6.492934E-11	5.614453E+1
-3.500000E-1	1.899629E-5	-1.899629E-5	-7.367729E-11	5.675000E+1
-4.000000E-1	1.266112E-5	-1.266112E-5	-4.910627E-11	5.806250E+1
-4.500000E-1	1.823134E-5	-1.823134E-5	-7.071044E-11	5.895801E+1
-5.000000E-1	1.476686E-5	-1.476686E-5	-5.727341E-11	5.956348E+1
-5.000000E-1	1.875769E-5	-1.875769E-5	-7.275189E-11	6.045898E+1
-4.500000E-1	1.749645E-5	-1.749645E-5	-6.786016E-11	6.106543E+1
-4.000000E-1	1.736720E-5	-1.736720E-5	-6.735887E-11	6.196094E+1
-3.500000E-1	1.704601E-5	-1.704601E-5	-6.611311E-11	6.256641E+1
-3.000000E-1	1.581227E-5	-1.581227E-5	-6.132805E-11	6.346191E+1
-2.500000E-1	1.498436E-5	-1.498436E-5	-5.811700E-11	6.398535E+1
-2.000000E-1	1.381767E-5	-1.381767E-5	-5.359195E-11	6.450879E+1
-1.500000E-1	1.185616E-5	-1.185616E-5	-4.598422E-11	6.503223E+1
-1.000000E-1	1.009884E-5	-1.009884E-5	-3.916845E-11	6.555566E+1
-5.000000E-2	8.448191E-6	-8.448191E-6	-3.276639E-11	6.607910E+1
0.000000E+0	6.635539E-6	-6.635539E-6	-2.573600E-11	6.660254E+1
0.000000E+0	7.090345E-6	-7.090345E-6	-2.749997E-11	6.712695E+1
5.000000E-2	5.223496E-6	-5.223496E-6	-2.025938E-11	6.765039E+1
1.000000E-1	3.532424E-6	-3.532424E-6	-1.370054E-11	6.817383E+1
1.500000E-1	1.919324E-6	-1.919324E-6	-7.444115E-12	6.869727E+1
2.000000E-1	1.699752E-7	-1.699752E-7	-6.592504E-13	6.922070E+1
2.500000E-1	1.240707E-6	1.240707E-6	4.812095E-12	6.974414E+1
3.000000E-1	2.991430E-6	2.991430E-6	1.160229E-11	7.026758E+1
3.500000E-1	4.486407E-6	4.486407E-6	1.740057E-11	7.079102E+1
4.000000E-1	5.936386E-6	5.936386E-6	2.302433E-11	7.131445E+1
4.500000E-1	7.642219E-6	7.642219E-6	2.964042E-11	7.183789E+1
5.000000E-1	9.027638E-6	9.027638E-6	3.501378E-11	7.236133E+1
5.000000E-1	8.648209E-6	8.648209E-6	3.354216E-11	7.288477E+1
4.500000E-1	6.276411E-6	6.276411E-6	2.434312E-11	7.340820E+1
4.000000E-1	4.174727E-6	4.174727E-6	1.619172E-11	7.393164E+1
3.500000E-1	2.472806E-6	2.472806E-6	9.590800E-12	7.445508E+1
3.000000E-1	5.877570E-7	5.877570E-7	2.279621E-12	7.497852E+1
2.500000E-1	9.382236E-7	-9.382236E-7	-3.638909E-12	7.550195E+1
2.000000E-1	2.664454E-6	-2.664454E-6	-1.033411E-11	7.602539E+1
1.500000E-1	4.298208E-6	-4.298208E-6	-1.667064E-11	7.654883E+1
1.000000E-1	5.693347E-6	-5.693347E-6	-2.208170E-11	7.707227E+1
5.000000E-2	7.385270E-6	-7.385270E-6	-2.864384E-11	7.759570E+1
0.000000E+0	8.720887E-6	-8.720887E-6	-3.382404E-11	7.811914E+1
-5.000000E-2	1.035810E-5	-1.035810E-5	-4.017398E-11	7.864258E+1
-1.000000E-1	1.182362E-5	-1.182362E-5	-4.585803E-11	7.916602E+1
-1.500000E-1	1.318030E-5	-1.318030E-5	-5.111993E-11	7.968945E+1
-2.000000E-1	1.445558E-5	-1.445558E-5	-5.606611E-11	8.021289E+1
-2.500000E-1	1.518151E-5	-1.518151E-5	-5.888164E-11	8.073633E+1
-3.000000E-1	1.602907E-5	-1.602907E-5	-6.216891E-11	8.125977E+1
-3.500000E-1	9.774090E-6	-9.774090E-6	-3.790890E-11	8.186621E+1
-4.000000E-1	1.686490E-5	-1.686490E-5	-6.541069E-11	8.276172E+1
-4.500000E-1	1.552697E-5	-1.552697E-5	-6.022149E-11	8.336719E+1
-5.000000E-1	1.796668E-5	-1.796668E-5	-6.968395E-11	8.426270E+1
-5.000000E-1	1.944951E-5	-1.944951E-5	-7.543510E-11	8.486816E+1
-4.500000E-1	1.711962E-5	-1.711962E-5	-6.639861E-11	8.576367E+1
-4.000000E-1	1.655040E-5	-1.655040E-5	-6.419087E-11	8.628711E+1
-3.500000E-1	1.570288E-5	-1.570288E-5	-6.090377E-11	8.681055E+1
-3.000000E-1	1.034001E-5	-1.034001E-5	-4.010381E-11	8.758398E+1
-2.500000E-1	1.340622E-5	-1.340622E-5	-5.199614E-11	8.847949E+1
-2.000000E-1	1.183487E-5	-1.183487E-5	-4.590164E-11	8.900293E+1
-1.500000E-1	1.017600E-5	-1.017600E-5	-3.946772E-11	8.952637E+1
-1.000000E-1	8.525708E-6	-8.525708E-6	-3.306704E-11	9.004980E+1
-5.000000E-2	6.926063E-6	-6.926063E-6	-2.686280E-11	9.057324E+1
0.000000E+0	5.482544E-6	-5.482544E-6	-2.126410E-11	9.109668E+1
0.000000E+0	5.882038E-6	-5.882038E-6	-2.281354E-11	9.162109E+1
5.000000E-2	4.295472E-6	-4.295472E-6	-1.666003E-11	9.214453E+1
1.000000E-1	2.648502E-6	-2.648502E-6	-1.027224E-11	9.266797E+1
1.500000E-1	1.124121E-6	-1.124121E-6	-4.359915E-12	9.319141E+1
2.000000E-1	2.168558E-7	2.168558E-7	8.410772E-13	9.371484E+1
2.500000E-1	1.758415E-6	1.758415E-6	6.820031E-12	9.423828E+1
3.000000E-1	3.122220E-6	3.122220E-6	1.210956E-11	9.476172E+1
3.500000E-1	4.565463E-6	4.565463E-6	1.770719E-11	9.528516E+1
4.000000E-1	5.969180E-6	5.969180E-6	2.315152E-11	9.580859E+1
4.500000E-1	7.190100E-6	7.190100E-6	2.788687E-11	9.633203E+1
5.000000E-1	8.771831E-6	8.771831E-6	3.402163E-11	9.685547E+1
5.000000E-1	1.228421E+1	1.228421E+1	4.764444E-5	9.759766E+1
4.500000E-1	1.241361E+1	1.241361E+1	4.814631E-5	9.778516E+1
4.000000E-1	1.136694E+1	1.136694E+1	4.408677E-5	9.797363E+1
3.500000E-1	1.004671E+1	1.004671E+1	3.896626E-5	9.816211E+1
3.000000E-1	8.361565E+0	8.361565E+0	3.243041E-5	9.834961E+1
2.500000E-1	6.924299E+0	6.924299E+0	2.685596E-5	9.853809E+1
2.000000E-1	5.463975E+0	5.463975E+0	2.119208E-5	9.872656E+1
1.500000E-1	4.040893E+0	4.040893E+0	1.567264E-5	9.891406E+1
1.000000E-1	2.682845E+0	2.682845E+0	1.040544E-5	9.910254E+1
5.000000E-2	1.351674E+0	1.351674E+0	5.242482E-6	9.948438E+1
0.000000E+0	6.177878E-6	-6.177878E-6	-2.396096E-11	1.009893E+2
-5.000000E-2	8.817295E-6	-8.817295E-6	-3.419796E-11	1.015137E+2
-1.000000E-1	1.020284E-5	-1.020284E-5	-3.957183E-11	1.020371E+2
-1.500000E-1	1.175219E-5	-1.175219E-5	-4.558097E-11	1.025605E+2
-2.000000E-1	1.309717E-5	-1.309717E-5	-5.079748E-11	1.030840E+2
-2.500000E-1	8.549643E+0	-8.549643E+0	-3.315987E-5	1.036592E+2
-3.000000E-1	1.010479E+1	-1.010479E+1	-3.919154E-5	1.038467E+2
-3.500000E-1	9.596076E+0	-9.596076E+0	-3.721847E-5	1.040352E+2
-4.000000E-1	1.181021E+1	-1.181021E+1	-4.580602E-5	1.042236E+2
-4.500000E-1	1.349827E+1	-1.349827E+1	-5.235318E-5	1.044111E+2
-5.000000E-1	1.493766E+1	-1.493766E+1	-5.793585E-5	1.045996E+2
-5.000000E-1	1.513183E+1	-1.513183E+1	-5.868895E-5	1.047871E+2
-4.500000E-1	1.457550E+1	-1.457550E+1	-5.653121E-5	1.049756E+2
-4.000000E-1	1.300276E+1	-1.300276E+1	-5.043131E-5	1.051641E+2
-3.500000E-1	1.138073E+1	-1.138073E+1	-4.414027E-5	1.053516E+2
-3.000000E-1	9.679005E+0	-9.679005E+0	-3.754011E-5	1.055400E+2
-2.500000E-1	7.964663E+0	-7.964663E+0	-3.089102E-5	1.057285E+2
-2.000000E-1	6.373807E+0	-6.373807E+0	-2.472087E-5	1.059160E+2
-1.500000E-1	4.779370E+0	-4.779370E+0	-1.853683E-5	1.061045E+2
-1.000000E-1	3.171061E+0	-3.171061E+0	-1.229899E-5	1.062920E+2
-5.000000E-2	1.572974E+0	-1.572974E+0	-6.100796E-6	1.066738E+2
0.000000E+0	3.712870E-4	3.712870E-4	1.440040E-9	1.072490E+2
0.000000E+0	3.148336E-4	3.148336E-4	1.221085E-9	1.074385E+2
5.000000E-2	1.555227E+0	1.555227E+0	6.031963E-6	1.078193E+2
1.000000E-1	3.041076E+0	3.041076E+0	1.179484E-5	1.083955E+2
1.500000E-1	4.523315E+0	4.523315E+0	1.754372E-5	1.085830E+2
2.000000E-1	5.948906E+0	5.948906E+0	2.307289E-5	1.087715E+2
2.500000E-1	7.375068E+0	7.375068E+0	2.860427E-5	1.089600E+2
3.000000E-1	8.773747E+0	8.773747E+0	3.402906E-5	1.091475E+2
3.500000E-1	1.012060E+1	1.012060E+1	3.925285E-5	1.093359E+2
4.000000E-1	1.115677E+1	1.115677E+1	4.327164E-5	1.095244E+2
4.500000E-1	1.155543E+1	1.155543E+1	4.481783E-5	1.097119E+2
5.000000E-1	1.537777E+1	1.537777E+1	5.964281E-5	1.099004E+2
5.000000E-1	1.570047E+1	1.570047E+1	6.089441E-5	1.100879E+2
4.500000E-1	1.356049E+1	1.356049E+1	5.259450E-5	1.102764E+2
4.000000E-1	1.161854E+1	1.161854E+1	4.506260E-5	1.104648E+2
3.500000E-1	1.000088E+1	1.000088E+1	3.878849E-5	1.106523E+2
3.000000E-1	8.561699E+0	8.561699E+0	3.320663E-5	1.108408E+2
2.500000E-1	7.019838E+0	7.019838E+0	2.722651E-5	1.110293E+2
2.000000E-1	5.252237E+0	5.252237E+0	2.037085E-5	1.112168E+2
1.500000E-1	3.929141E+0	3.929141E+0	1.523921E-5	1.114053E+2
1.000000E-1	2.656747E+0	2.656747E+0	1.030422E-5	1.115928E+2
5.000000E-2	1.290998E+0	1.290998E+0	5.007150E-6	1.119746E+2
0.000000E+0	4.074181E-4	4.074181E-4	1.580175E-9	1.125498E+2
-5.000000E-2	1.235225E+0	-1.235225E+0	-4.790831E-6	1.129326E+2
-1.000000E-1	2.435746E+0	-2.435746E+0	-9.447062E-6	1.131201E+2
-1.500000E-1	1.992307E+0	-1.992307E+0	-7.727183E-6	1.133086E+2
-2.000000E-1	1.170704E-5	-1.170704E-5	-4.540586E-11	1.144268E+2
-2.500000E-1	1.388098E-5	-1.388098E-5	-5.383752E-11	1.149502E+2
-3.000000E-1	9.052952E-6	-9.052952E-6	-3.511196E-11	1.154736E+2
-3.500000E-1	1.532370E-5	-1.532370E-5	-5.943311E-11	1.159971E+2
-4.000000E-1	1.572637E-5	-1.572637E-5	-6.099488E-11	1.165205E+2
-4.500000E-1	1.670493E-5	-1.670493E-5	-6.479023E-11	1.170439E+2
-5.000000E-1	1.115653E-5	-1.115653E-5	-4.327072E-11	1.176494E+2
-5.000000E-1	1.682748E-5	-1.682748E-5	-6.526552E-11	1.185449E+2
-4.500000E-1	1.491989E-5	-1.491989E-5	-5.786693E-11	1.191514E+2
-4.000000E-1	1.519079E-5	-1.519079E-5	-5.891761E-11	1.200469E+2
-3.500000E-1	1.432863E-5	-1.432863E-5	-5.557373E-11	1.205703E+2
-3.000000E-1	1.291650E-5	-1.291650E-5	-5.009677E-11	1.210938E+2
-2.500000E-1	1.126969E-5	-1.126969E-5	-4.370959E-11	1.216172E+2
-2.000000E-1	9.849480E-6	-9.849480E-6	-3.820130E-11	1.221406E+2
-1.500000E-1	8.398201E-6	-8.398201E-6	-3.257250E-11	1.226641E+2
-1.000000E-1	7.006540E-6	-7.006540E-6	-2.717493E-11	1.231875E+2
-5.000000E-2	5.672578E-6	-5.672578E-6	-2.200115E-11	1.237109E+2
0.000000E+0	4.341413E-6	-4.341413E-6	-1.683821E-11	1.242344E+2
0.000000E+0	4.833757E-6	-4.833757E-6	-1.874777E-11	1.247578E+2
5.000000E-2	3.296895E-6	-3.296895E-6	-1.278704E-11	1.252813E+2
1.000000E-1	1.780092E-6	-1.780092E-6	-6.904102E-12	1.258047E+2
1.500000E-1	6.229837E-7	-6.229837E-7	-2.416248E-12	1.263281E+2
2.000000E-1	7.764207E-7	7.764207E-7	3.011355E-12	1.268516E+2
2.500000E-1	2.036271E-6	2.036271E-6	7.897696E-12	1.273750E+2
3.000000E-1	3.331798E-6	3.331798E-6	1.292241E-11	1.278984E+2
3.500000E-1	4.595959E-6	4.595959E-6	1.782547E-11	1.284219E+2
4.000000E-1	1.463207E+1	1.463207E+1	5.675061E-5	1.293320E+2
4.500000E-1	1.646533E+1	1.646533E+1	6.386093E-5	1.295195E+2
5.000000E-1	1.829293E+1	1.829293E+1	7.094932E-5	1.297080E+2
5.000000E-1	1.829373E+1	1.829373E+1	7.095240E-5	1.298955E+2
4.500000E-1	1.646683E+1	1.646683E+1	6.386677E-5	1.300840E+2
4.000000E-1	1.464031E+1	1.464031E+1	5.678260E-5	1.302725E+2
3.500000E-1	1.281040E+1	1.281040E+1	4.968524E-5	1.304600E+2
3.000000E-1	1.097910E+1	1.097910E+1	4.258253E-5	1.306484E+2
2.500000E-1	9.148819E+0	9.148819E+0	3.548378E-5	1.308359E+2
2.000000E-1	7.321906E+0	7.321906E+0	2.839808E-5	1.310244E+2
1.500000E-1	5.494696E+0	5.494696E+0	2.131123E-5	1.312129E+2
1.000000E-1	3.665179E+0	3.665179E+0	1.421543E-5	1.314004E+2
5.000000E-2	1.836220E+0	1.836220E+0	7.121797E-6	1.317822E+2
0.000000E+0	3.982094E-5	3.982094E-5	1.544459E-10	1.325811E+2
-5.000000E-2	1.823242E+0	-1.823242E+0	-7.071461E-6	1.333574E+2
-1.000000E-1	3.651735E+0	-3.651735E+0	-1.416329E-5	1.339336E+2
-1.500000E-1	5.478976E+0	-5.478976E+0	-2.125026E-5	1.341211E+2
-2.000000E-1	7.303412E+0	-7.303412E+0	-2.832635E-5	1.343096E+2
-2.500000E-1	9.126612E+0	-9.126612E+0	-3.539765E-5	1.344971E+2
-3.000000E-1	1.095111E+1	-1.095111E+1	-4.247400E-5	1.346855E+2
-3.500000E-1	1.277515E+1	-1.277515E+1	-4.954854E-5	1.348740E+2
-4.000000E-1	1.459717E+1	-1.459717E+1	-5.661526E-5	1.350615E+2
-4.500000E-1	1.641314E+1	-1.641314E+1	-6.365853E-5	1.352500E+2
-5.000000E-1	1.822676E+1	-1.822676E+1	-7.069267E-5	1.354385E+2
-5.000000E-1	1.820609E+1	-1.820609E+1	-7.061248E-5	1.356260E+2
-4.500000E-1	1.626277E+1	-1.626277E+1	-6.307532E-5	1.358145E+2
-4.000000E-1	1.415894E+1	-1.415894E+1	-5.491558E-5	1.360020E+2
-3.500000E-1	4.209236E+0	-4.209236E+0	-1.632556E-5	1.361904E+2
-3.000000E-1	9.017431E-5	-9.017431E-5	-3.497419E-10	1.367959E+2
-2.500000E-1	1.662562E-4	-1.662562E-4	-6.448262E-10	1.369844E+2
-2.000000E-1	1.324583E-4	-1.324583E-4	-5.137407E-10	1.371729E+2
-1.500000E-1	9.629596E-5	-9.629596E-5	-3.734848E-10	1.373623E+2
-1.000000E-1	1.724797E-4	-1.724797E-4	-6.689640E-10	1.375508E+2
-5.000000E-2	7.037056E-5	-7.037056E-5	-2.729329E-10	1.377393E+2
0.000000E+0	3.359154E-6	-3.359154E-6	-1.302851E-11	1.386348E+2
0.000000E+0	5.080449E-6	-5.080449E-6	-1.970457E-11	1.391592E+2
5.000000E-2	3.398048E-6	3.398048E-6	1.317936E-11	1.396826E+2
1.000000E-1	7.628059E-7	-7.628059E-7	-2.958550E-12	1.402061E+2
1.500000E-1	4.646873E-7	-4.646873E-7	-1.802294E-12	1.407295E+2
2.000000E-1	8.805656E-7	8.805656E-7	3.415282E-12	1.412529E+2
2.500000E-1	2.107934E-6	2.107934E-6	8.175641E-12	1.417764E+2
3.000000E-1	3.300564E-6	3.300564E-6	1.280127E-11	1.422998E+2
3.500000E-1	4.527165E-6	4.527165E-6	1.755865E-11	1.428232E+2
4.000000E-1	5.744289E-6	5.744289E-6	2.227928E-11	1.433467E+2
4.500000E-1	6.925220E-6	6.925220E-6	2.685953E-11	1.438701E+2
5.000000E-1	8.075909E-6	8.075909E-6	3.132249E-11	1.443936E+2
5.000000E-1	7.567479E-6	7.567479E-6	2.935054E-11	1.449170E+2
4.500000E-1	5.504009E-6	5.504009E-6	2.134735E-11	1.454404E+2
4.000000E-1	3.775809E-6	3.775809E-6	1.464451E-11	1.459639E+2
3.500000E-1	2.279616E-6	2.279616E-6	8.841511E-12	1.464873E+2
3.000000E-1	8.250010E-7	8.250010E-7	3.199774E-12	1.470107E+2
2.500000E-1	4.381663E-7	-4.381663E-7	-1.699432E-12	1.475342E+2
2.000000E-1	1.786897E-6	-1.786897E-6	-6.930498E-12	1.480576E+2
1.500000E-1	3.051554E-6	-3.051554E-6	-1.183548E-11	1.485811E+2
1.000000E-1	4.301756E-6	-4.301756E-6	-1.668440E-11	1.491045E+2
5.000000E-2	5.504834E-6	-5.504834E-6	-2.135055E-11	1.496279E+2
0.000000E+0	6.586123E-6	-6.586123E-6	-2.554434E-11	1.501514E+2
-5.000000E-2	8.103636E-6	-8.103636E-6	-3.143003E-11	1.506748E+2
-1.000000E-1	1.853174E-4	-1.853174E-4	-7.187553E-10	1.512812E+2
-1.500000E-1	2.456230E-4	-2.456230E-4	-9.526511E-10	1.514697E+2
-2.000000E-1	1.088993E-4	-1.088993E-4	-4.223671E-10	1.516582E+2
-2.500000E-1	1.185857E-5	-1.185857E-5	-4.599358E-11	1.525537E+2
-3.000000E-1	1.421949E-5	-1.421949E-5	-5.515041E-11	1.530771E+2
-3.500000E-1	1.618288E-5	-1.618288E-5	-6.276545E-11	1.536006E+2
-4.000000E-1	1.788035E-5	-1.788035E-5	-6.934912E-11	1.541240E+2
-4.500000E-1	2.379401E-5	-2.379401E-5	-9.228529E-11	1.549482E+2
-5.000000E-1	3.424625E-5	-3.424625E-5	-1.328244E-10	1.551367E+2
-5.000000E-1	3.043329E-5	-3.043329E-5	-1.180358E-10	1.553252E+2
-4.500000E-1	4.041047E-5	-4.041047E-5	-1.567324E-10	1.555137E+2
-4.000000E-1	1.184119E-5	-1.184119E-5	-4.592615E-11	1.566592E+2
-3.500000E-1	1.571909E-5	-1.571909E-5	-6.096665E-11	1.575547E+2
-3.000000E-1	9.165923E-6	-9.165923E-6	-3.555012E-11	1.583281E+2
-2.500000E-1	1.200897E-5	-1.200897E-5	-4.657692E-11	1.592227E+2
-2.000000E-1	9.962252E-6	-9.962252E-6	-3.863869E-11	1.597461E+2
-1.500000E-1	8.172232E-6	-8.172232E-6	-3.169608E-11	1.602695E+2
-1.000000E-1	6.555263E-6	-6.555263E-6	-2.542465E-11	1.607930E+2
-5.000000E-2	5.050303E-6	-5.050303E-6	-1.958765E-11	1.613164E+2
0.000000E+0	3.751091E-6	-3.751091E-6	-1.454864E-11	1.618398E+2
0.000000E+0	4.242816E-6	-4.242816E-6	-1.645580E-11	1.623643E+2
5.000000E-2	2.768540E-6	-2.768540E-6	-1.073781E-11	1.628877E+2
1.000000E-1	1.523830E-6	-1.523830E-6	-5.910189E-12	1.634111E+2
1.500000E-1	2.146875E-7	-2.146875E-7	-8.326673E-13	1.639346E+2
2.000000E-1	8.677452E-7	8.677452E-7	3.365558E-12	1.644580E+2
2.500000E-1	2.067422E-6	2.067422E-6	8.018516E-12	1.649814E+2
3.000000E-1	3.151920E-6	3.151920E-6	1.222475E-11	1.655049E+2
3.500000E-1	4.370517E-6	4.370517E-6	1.695109E-11	1.660283E+2
4.000000E-1	5.479649E-6	5.479649E-6	2.125287E-11	1.665518E+2
4.500000E-1	6.618885E-6	6.618885E-6	2.567141E-11	1.670752E+2
5.000000E-1	7.801244E-6	7.801244E-6	3.025720E-11	1.675986E+2
5.000000E-1	7.181311E-6	7.181311E-6	2.785278E-11	1.681221E+2
4.500000E-1	5.265103E-6	5.265103E-6	2.042075E-11	1.686455E+2
4.000000E-1	3.601971E-6	3.601971E-6	1.397028E-11	1.691689E+2
3.500000E-1	2.243623E-6	2.243623E-6	8.701914E-12	1.696924E+2
3.000000E-1	8.706077E-7	8.706077E-7	3.376660E-12	1.702158E+2
2.500000E-1	5.117935E-7	-5.117935E-7	-1.984996E-12	1.707393E+2
2.000000E-1	1.603361E-6	-1.603361E-6	-6.218651E-12	1.712627E+2
1.500000E-1	2.634430E-6	-2.634430E-6	-1.021766E-11	1.717861E+2
1.000000E-1	3.881326E-6	-3.881326E-6	-1.505376E-11	1.723096E+2
5.000000E-2	5.201823E-6	-5.201823E-6	-2.017532E-11	1.728330E+2
0.000000E+0	6.202857E-6	-6.202857E-6	-2.405784E-11	1.733564E+2
-5.000000E-2	7.278097E-6	-7.278097E-6	-2.822817E-11	1.738799E+2
-1.000000E-1	8.566855E-6	-8.566855E-6	-3.322663E-11	1.744033E+2
-1.500000E-1	9.573152E-6	-9.573152E-6	-3.712956E-11	1.749268E+2
-2.000000E-1	1.072702E-5	-1.072702E-5	-4.160483E-11	1.754502E+2
-2.500000E-1	1.183189E-5	-1.183189E-5	-4.589010E-11	1.759736E+2
-3.000000E-1	1.296411E-5	-1.296411E-5	-5.028142E-11	1.764971E+2
-3.500000E-1	1.403758E-5	-1.403758E-5	-5.444487E-11	1.770205E+2
-4.000000E-1	1.469315E-5	-1.469315E-5	-5.698754E-11	1.775439E+2
-4.500000E-1	1.550052E-5	-1.550052E-5	-6.011890E-11	1.780674E+2
-5.000000E-1	9.511943E-6	-9.511943E-6	-3.689216E-11	1.786738E+2
-5.000000E-1	1.549369E-5	-1.549369E-5	-6.009244E-11	1.795684E+2
-4.500000E-1	1.224199E-5	-1.224199E-5	-4.748069E-11	1.801748E+2
-4.000000E-1	1.356154E-5	-1.356154E-5	-5.259855E-11	1.810703E+2
-3.500000E-1	1.255762E-5	-1.255762E-5	-4.870485E-11	1.815938E+2
-3.000000E-1	1.065023E-5	-1.065023E-5	-4.130703E-11	1.821172E+2
-2.500000E-1	9.250817E-6	-9.250817E-6	-3.587938E-11	1.826406E+2
-2.000000E-1	8.018353E-6	-8.018353E-6	-3.109926E-11	1.831641E+2
-1.500000E-1	6.838408E-6	-6.838408E-6	-2.652283E-11	1.836875E+2
-1.000000E-1	5.639896E-6	-5.639896E-6	-2.187439E-11	1.842109E+2
-5.000000E-2	4.466149E-6	-4.466149E-6	-1.732200E-11	1.847344E+2
0.000000E+0	3.308524E-6	-3.308524E-6	-1.283214E-11	1.852578E+2
0.000000E+0	3.834901E-6	-3.834901E-6	-1.487370E-11	1.857822E+2
5.000000E-2	2.403304E-6	-2.403304E-6	-9.321238E-12	1.863057E+2
1.000000E-1	1.164053E-6	-1.164053E-6	-4.514791E-12	1.868291E+2
1.500000E-1	2.166554E-8	-2.166554E-8	-8.403001E-14	1.873525E+2
2.000000E-1	1.113584E-6	1.113584E-6	4.319045E-12	1.878760E+2
2.500000E-1	2.205649E-6	2.205649E-6	8.554629E-12	1.883994E+2
3.000000E-1	3.320283E-6	3.320283E-6	1.287775E-11	1.889229E+2
3.500000E-1	4.412252E-6	4.412252E-6	1.711296E-11	1.894463E+2
4.000000E-1	5.501941E-6	5.501941E-6	2.133933E-11	1.899697E+2
4.500000E-1	6.622536E-6	6.622536E-6	2.568557E-11	1.904932E+2
5.000000E-1	7.701195E-6	7.701195E-6	2.986916E-11	1.910166E+2
5.000000E-1	7.153044E-6	7.153044E-6	2.774315E-11	1.915400E+2
4.500000E-1	5.219196E-6	5.219196E-6	2.024270E-11	1.920635E+2
4.000000E-1	3.638857E-6	3.638857E-6	1.411334E-11	1.925869E+2
3.500000E-1	2.289459E-6	2.289459E-6	8.879689E-12	1.931104E+2
3.000000E-1	9.939921E-7	9.939921E-7	3.855208E-12	1.936338E+2
2.500000E-1	2.372905E-7	-2.372905E-7	-9.203333E-13	1.941572E+2
2.000000E-1	1.433486E-6	-1.433486E-6	-5.559789E-12	1.946807E+2
1.500000E-1	2.589144E-6	-2.589144E-6	-1.004202E-11	1.952041E+2
1.000000E-1	3.691372E-6	-3.691372E-6	-1.431702E-11	1.957275E+2
5.000000E-2	4.851482E-6	-4.851482E-6	-1.881652E-11	1.962510E+2
0.000000E+0	5.926187E-6	-5.926187E-6	-2.298477E-11	1.967744E+2
-5.000000E-2	7.058029E-6	-7.058029E-6	-2.737463E-11	1.972979E+2
-1.000000E-1	8.133091E-6	-8.133091E-6	-3.154427E-11	1.978213E+2
-1.500000E-1	9.195801E-6	-9.195801E-6	-3.566600E-11	1.983447E+2
-2.000000E-1	1.030699E-5	-1.030699E-5	-3.997577E-11	1.988682E+2
-2.500000E-1	1.125823E-5	-1.125823E-5	-4.366517E-11	1.993916E+2
-3.000000E-1	1.247644E-5	-1.247644E-5	-4.838999E-11	1.999150E+2
-3.500000E-1	1.353607E-5	-1.353607E-5	-5.249977E-11	2.004385E+2
-4.000000E-1	1.438992E-5	-1.438992E-5	-5.581142E-11	2.009619E+2
-4.500000E-1	1.508276E-5	-1.508276E-5	-5.849864E-11	2.014854E+2
-5.000000E-1	1.572491E-5	-1.572491E-5	-6.098921E-11	2.020088E+2
-5.000000E-1	1.550286E-5	-1.550286E-5	-6.012799E-11	2.025322E+2
-4.500000E-1	1.122692E-5	-1.122692E-5	-4.354372E-11	2.031387E+2
-4.000000E-1	1.302503E-5	-1.302503E-5	-5.051770E-11	2.040342E+2
-3.500000E-1	1.162690E-5	-1.162690E-5	-4.509504E-11	2.045576E+2
-3.000000E-1	1.020154E-5	-1.020154E-5	-3.956678E-11	2.050811E+2
-2.500000E-1	8.890322E-6	-8.890322E-6	-3.448120E-11	2.056045E+2
-2.000000E-1	7.679584E-6	-7.679584E-6	-2.978534E-11	2.061279E+2
-1.500000E-1	6.476336E-6	-6.476336E-6	-2.511853E-11	2.066514E+2
-1.000000E-1	5.327874E-6	-5.327874E-6	-2.066421E-11	2.071748E+2
-5.000000E-2	4.181374E-6	-4.181374E-6	-1.621750E-11	2.076982E+2
0.000000E+0	3.066395E-6	-3.066395E-6	-1.189304E-11	2.082217E+2
