voltage_YSR_1_32A	absJ_YSR_1_32A	J_YSR_1_32A	current_YSR_1_32A	time_YSR_1_32A
0.000000E+0	1.330246E-5	1.330246E-5	5.159373E-11	0.000000E+0
5.000000E-2	2.750680E+0	2.750680E+0	1.066854E-5	5.751953E-1
1.000000E-1	5.493829E+0	5.493829E+0	2.130787E-5	7.636719E-1
1.500000E-1	8.236427E+0	8.236427E+0	3.194506E-5	9.511719E-1
2.000000E-1	1.097605E+1	1.097605E+1	4.257070E-5	1.139648E+0
2.500000E-1	1.371476E+1	1.371476E+1	5.319283E-5	1.328125E+0
3.000000E-1	1.645973E+1	1.645973E+1	6.383922E-5	1.515625E+0
3.500000E-1	1.920552E+1	1.920552E+1	7.448877E-5	1.704102E+0
4.000000E-1	2.195246E+1	2.195246E+1	8.514283E-5	1.892578E+0
4.500000E-1	2.469534E+1	2.469534E+1	9.578109E-5	2.080078E+0
5.000000E-1	2.743270E+1	2.743270E+1	1.063980E-4	2.651367E+0
5.000000E-1	2.743678E+1	2.743678E+1	1.064138E-4	2.839844E+0
4.500000E-1	2.471568E+1	2.471568E+1	9.586001E-5	3.219727E+0
4.000000E-1	2.197554E+1	2.197554E+1	8.523234E-5	3.407227E+0
3.500000E-1	1.922987E+1	1.922987E+1	7.458325E-5	3.595703E+0
3.000000E-1	1.648438E+1	1.648438E+1	6.393483E-5	3.783203E+0
2.500000E-1	1.373856E+1	1.373856E+1	5.328515E-5	3.971680E+0
2.000000E-1	1.099746E+1	1.099746E+1	4.265374E-5	4.160156E+0
1.500000E-1	8.254014E+0	8.254014E+0	3.201327E-5	4.347656E+0
1.000000E-1	5.506512E+0	5.506512E+0	2.135706E-5	4.536133E+0
5.000000E-2	2.757510E+0	2.757510E+0	1.069503E-5	4.723633E+0
0.000000E+0	4.955110E-5	4.955110E-5	1.921844E-10	5.522461E+0
-5.000000E-2	2.745428E+0	-2.745428E+0	-1.064817E-5	6.292969E+0
-1.000000E-1	5.498684E+0	-5.498684E+0	-2.132670E-5	6.481445E+0
-1.500000E-1	8.251605E+0	-8.251605E+0	-3.200393E-5	6.668945E+0
-2.000000E-1	1.100146E+1	-1.100146E+1	-4.266927E-5	6.857422E+0
-2.500000E-1	1.375084E+1	-1.375084E+1	-5.333278E-5	7.045898E+0
-3.000000E-1	1.650656E+1	-1.650656E+1	-6.402083E-5	7.233398E+0
-3.500000E-1	1.926304E+1	-1.926304E+1	-7.471188E-5	7.421875E+0
-4.000000E-1	2.202103E+1	-2.202103E+1	-8.540878E-5	7.610352E+0
-4.500000E-1	2.477280E+1	-2.477280E+1	-9.608154E-5	7.797852E+0
-5.000000E-1	2.751972E+1	-2.751972E+1	-1.067355E-4	8.369141E+0
-5.000000E-1	2.752158E+1	-2.752158E+1	-1.067427E-4	8.557617E+0
-4.500000E-1	2.478367E+1	-2.478367E+1	-9.612368E-5	8.937500E+0
-4.000000E-1	2.203435E+1	-2.203435E+1	-8.546043E-5	9.125000E+0
-3.500000E-1	1.927825E+1	-1.927825E+1	-7.477087E-5	9.313477E+0
-3.000000E-1	1.652241E+1	-1.652241E+1	-6.408234E-5	9.500977E+0
-2.500000E-1	1.376650E+1	-1.376650E+1	-5.339349E-5	9.689453E+0
-2.000000E-1	1.101598E+1	-1.101598E+1	-4.272560E-5	9.877930E+0
-1.500000E-1	8.263870E+0	-8.263870E+0	-3.205150E-5	1.006543E+1
-1.000000E-1	5.507941E+0	-5.507941E+0	-2.136260E-5	1.025391E+1
-5.000000E-2	2.750363E+0	-2.750363E+0	-1.066731E-5	1.044238E+1
0.000000E+0	3.965456E-5	3.965456E-5	1.538006E-10	1.124023E+1
0.000000E+0	3.056195E-5	3.056195E-5	1.185348E-10	1.142969E+1
5.000000E-2	2.767177E+0	2.767177E+0	1.073252E-5	1.220020E+1
1.000000E-1	5.526729E+0	5.526729E+0	2.143547E-5	1.238770E+1
1.500000E-1	8.285183E+0	8.285183E+0	3.213416E-5	1.257617E+1
2.000000E-1	1.104067E+1	1.104067E+1	4.282134E-5	1.276367E+1
2.500000E-1	1.379520E+1	1.379520E+1	5.350482E-5	1.295215E+1
3.000000E-1	1.655535E+1	1.655535E+1	6.421009E-5	1.314062E+1
3.500000E-1	1.931622E+1	1.931622E+1	7.491815E-5	1.332812E+1
4.000000E-1	2.207791E+1	2.207791E+1	8.562940E-5	1.351660E+1
4.500000E-1	2.483513E+1	2.483513E+1	9.632329E-5	1.370508E+1
5.000000E-1	2.757990E+1	2.757990E+1	1.069689E-4	1.427539E+1
5.000000E-1	2.758062E+1	2.758062E+1	1.069717E-4	1.446387E+1
4.500000E-1	2.483872E+1	2.483872E+1	9.633721E-5	1.484375E+1
4.000000E-1	2.208221E+1	2.208221E+1	8.564607E-5	1.503125E+1
3.500000E-1	1.932104E+1	1.932104E+1	7.493683E-5	1.521973E+1
3.000000E-1	1.656047E+1	1.656047E+1	6.422995E-5	1.540820E+1
2.500000E-1	1.380020E+1	1.380020E+1	5.352421E-5	1.559570E+1
2.000000E-1	1.104546E+1	1.104546E+1	4.283991E-5	1.578418E+1
1.500000E-1	8.289282E+0	8.289282E+0	3.215006E-5	1.597266E+1
1.000000E-1	5.529591E+0	5.529591E+0	2.144657E-5	1.616016E+1
5.000000E-2	2.768569E+0	2.768569E+0	1.073792E-5	1.634863E+1
0.000000E+0	3.270267E-4	3.270267E-4	1.268376E-9	1.692383E+1
-5.000000E-2	2.702427E+0	-2.702427E+0	-1.048139E-5	1.730566E+1
-1.000000E-1	5.517431E+0	-5.517431E+0	-2.139941E-5	1.788184E+1
-1.500000E-1	8.278933E+0	-8.278933E+0	-3.210992E-5	1.806934E+1
-2.000000E-1	1.103719E+1	-1.103719E+1	-4.280785E-5	1.825781E+1
-2.500000E-1	1.379442E+1	-1.379442E+1	-5.350178E-5	1.844629E+1
-3.000000E-1	1.655709E+1	-1.655709E+1	-6.421682E-5	1.863379E+1
-3.500000E-1	1.932028E+1	-1.932028E+1	-7.493389E-5	1.882227E+1
-4.000000E-1	2.208460E+1	-2.208460E+1	-8.565534E-5	1.901074E+1
-4.500000E-1	2.484277E+1	-2.484277E+1	-9.635292E-5	1.919824E+1
-5.000000E-1	2.759362E+1	-2.759362E+1	-1.070221E-4	1.976953E+1
-5.000000E-1	2.759426E+1	-2.759426E+1	-1.070246E-4	1.995801E+1
-4.500000E-1	2.484716E+1	-2.484716E+1	-9.636996E-5	2.033789E+1
-4.000000E-1	2.208987E+1	-2.208987E+1	-8.567577E-5	2.052539E+1
-3.500000E-1	1.932616E+1	-1.932616E+1	-7.495670E-5	2.071387E+1
-3.000000E-1	1.656313E+1	-1.656313E+1	-6.424026E-5	2.090137E+1
-2.500000E-1	1.380027E+1	-1.380027E+1	-5.352446E-5	2.108984E+1
-2.000000E-1	1.104278E+1	-1.104278E+1	-4.282953E-5	2.127832E+1
-1.500000E-1	8.283649E+0	-8.283649E+0	-3.212821E-5	2.146582E+1
-1.000000E-1	5.520799E+0	-5.520799E+0	-2.141247E-5	2.165430E+1
-5.000000E-2	2.756855E+0	-2.756855E+0	-1.069249E-5	2.184277E+1
0.000000E+0	3.573092E-5	3.573092E-5	1.385827E-10	2.264063E+1
0.000000E+0	2.983190E-5	2.983190E-5	1.157033E-10	2.283008E+1
5.000000E-2	2.773003E+0	2.773003E+0	1.075512E-5	2.360059E+1
1.000000E-1	5.538520E+0	5.538520E+0	2.148120E-5	2.378809E+1
1.500000E-1	8.303107E+0	8.303107E+0	3.220368E-5	2.397656E+1
2.000000E-1	1.106437E+1	1.106437E+1	4.291325E-5	2.416406E+1
2.500000E-1	1.382461E+1	1.382461E+1	5.361887E-5	2.435254E+1
3.000000E-1	1.659067E+1	1.659067E+1	6.434708E-5	2.454102E+1
3.500000E-1	1.935713E+1	1.935713E+1	7.507682E-5	2.472852E+1
4.000000E-1	2.212425E+1	2.212425E+1	8.580912E-5	2.491699E+1
4.500000E-1	2.488712E+1	2.488712E+1	9.652491E-5	2.510449E+1
5.000000E-1	2.763693E+1	2.763693E+1	1.071901E-4	2.567578E+1
5.000000E-1	2.763747E+1	2.763747E+1	1.071922E-4	2.586426E+1
4.500000E-1	2.489016E+1	2.489016E+1	9.653673E-5	2.624414E+1
4.000000E-1	2.212830E+1	2.212830E+1	8.582484E-5	2.643164E+1
3.500000E-1	1.936162E+1	1.936162E+1	7.509421E-5	2.662012E+1
3.000000E-1	1.659551E+1	1.659551E+1	6.436583E-5	2.680762E+1
2.500000E-1	1.382956E+1	1.382956E+1	5.363807E-5	2.699609E+1
2.000000E-1	1.106904E+1	1.106904E+1	4.293137E-5	2.718457E+1
1.500000E-1	8.307166E+0	8.307166E+0	3.221942E-5	2.737207E+1
1.000000E-1	5.541670E+0	5.541670E+0	2.149342E-5	2.756055E+1
5.000000E-2	2.774971E+0	2.774971E+0	1.076275E-5	2.774902E+1
0.000000E+0	1.423974E-5	1.423974E-5	5.522897E-11	2.925391E+1
-5.000000E-2	2.761687E+0	-2.761687E+0	-1.071123E-5	2.983008E+1
-1.000000E-1	5.530612E+0	-5.530612E+0	-2.145053E-5	3.001758E+1
-1.500000E-1	8.298337E+0	-8.298337E+0	-3.218518E-5	3.020605E+1
-2.000000E-1	1.106310E+1	-1.106310E+1	-4.290834E-5	3.039355E+1
-2.500000E-1	1.382674E+1	-1.382674E+1	-5.362713E-5	3.058203E+1
-3.000000E-1	1.659570E+1	-1.659570E+1	-6.436658E-5	3.077051E+1
-3.500000E-1	1.936532E+1	-1.936532E+1	-7.510858E-5	3.095801E+1
-4.000000E-1	2.213614E+1	-2.213614E+1	-8.585522E-5	3.114648E+1
-4.500000E-1	2.490053E+1	-2.490053E+1	-9.657694E-5	3.133496E+1
-5.000000E-1	2.765779E+1	-2.765779E+1	-1.072710E-4	3.190527E+1
-5.000000E-1	2.765856E+1	-2.765856E+1	-1.072740E-4	3.209375E+1
-4.500000E-1	2.490428E+1	-2.490428E+1	-9.659150E-5	3.247363E+1
-4.000000E-1	2.214037E+1	-2.214037E+1	-8.587162E-5	3.266113E+1
-3.500000E-1	1.937013E+1	-1.937013E+1	-7.512722E-5	3.284961E+1
-3.000000E-1	1.660049E+1	-1.660049E+1	-6.438514E-5	3.303809E+1
-2.500000E-1	1.383130E+1	-1.383130E+1	-5.364484E-5	3.322559E+1
-2.000000E-1	1.106748E+1	-1.106748E+1	-4.292531E-5	3.341406E+1
-1.500000E-1	8.302119E+0	-8.302119E+0	-3.219985E-5	3.360254E+1
-1.000000E-1	5.533291E+0	-5.533291E+0	-2.146092E-5	3.379004E+1
-5.000000E-2	2.763033E+0	-2.763033E+0	-1.071645E-5	3.397852E+1
0.000000E+0	1.055543E-5	1.055543E-5	4.093935E-11	3.525977E+1
0.000000E+0	6.991805E-6	6.991805E-6	2.711778E-11	3.578418E+1
5.000000E-2	2.779122E+0	2.779122E+0	1.077885E-5	3.635937E+1
1.000000E-1	5.550279E+0	5.550279E+0	2.152681E-5	3.654688E+1
1.500000E-1	8.320374E+0	8.320374E+0	3.227065E-5	3.673535E+1
2.000000E-1	1.108715E+1	1.108715E+1	4.300161E-5	3.692383E+1
2.500000E-1	1.385292E+1	1.385292E+1	5.372867E-5	3.711133E+1
3.000000E-1	1.662436E+1	1.662436E+1	6.447775E-5	3.729980E+1
3.500000E-1	1.939637E+1	1.939637E+1	7.522899E-5	3.748730E+1
4.000000E-1	2.216908E+1	2.216908E+1	8.598297E-5	3.767578E+1
4.500000E-1	2.493764E+1	2.493764E+1	9.672086E-5	3.786426E+1
5.000000E-1	2.769283E+1	2.769283E+1	1.074069E-4	3.843555E+1
5.000000E-1	2.769304E+1	2.769304E+1	1.074077E-4	3.862305E+1
4.500000E-1	2.494004E+1	2.494004E+1	9.673017E-5	3.900293E+1
4.000000E-1	2.217194E+1	2.217194E+1	8.599408E-5	3.919141E+1
3.500000E-1	1.939973E+1	1.939973E+1	7.524205E-5	3.937891E+1
3.000000E-1	1.662775E+1	1.662775E+1	6.449089E-5	3.956738E+1
2.500000E-1	1.385621E+1	1.385621E+1	5.374146E-5	3.975488E+1
2.000000E-1	1.109039E+1	1.109039E+1	4.301417E-5	3.994336E+1
1.500000E-1	8.322875E+0	8.322875E+0	3.228035E-5	4.013184E+1
1.000000E-1	5.551968E+0	5.551968E+0	2.153336E-5	4.031934E+1
5.000000E-2	2.780037E+0	2.780037E+0	1.078240E-5	4.050781E+1
0.000000E+0	1.431994E-5	1.431994E-5	5.554001E-11	4.179004E+1
-5.000000E-2	2.765833E+0	-2.765833E+0	-1.072731E-5	4.236523E+1
-1.000000E-1	5.539120E+0	-5.539120E+0	-2.148353E-5	4.255371E+1
-1.500000E-1	8.311020E+0	-8.311020E+0	-3.223437E-5	4.274121E+1
-2.000000E-1	1.107995E+1	-1.107995E+1	-4.297370E-5	4.292969E+1
-2.500000E-1	1.384761E+1	-1.384761E+1	-5.370808E-5	4.311816E+1
-3.000000E-1	1.662064E+1	-1.662064E+1	-6.446331E-5	4.330566E+1
-3.500000E-1	1.939433E+1	-1.939433E+1	-7.522109E-5	4.349414E+1
-4.000000E-1	2.216907E+1	-2.216907E+1	-8.598296E-5	4.368164E+1
-4.500000E-1	2.493735E+1	-2.493735E+1	-9.671974E-5	4.387012E+1
-5.000000E-1	2.769737E+1	-2.769737E+1	-1.074245E-4	4.444141E+1
-5.000000E-1	2.769793E+1	-2.769793E+1	-1.074267E-4	4.462891E+1
-4.500000E-1	2.493988E+1	-2.493988E+1	-9.672956E-5	4.500879E+1
-4.000000E-1	2.217204E+1	-2.217204E+1	-8.599447E-5	4.519727E+1
-3.500000E-1	1.939817E+1	-1.939817E+1	-7.523599E-5	4.538574E+1
-3.000000E-1	1.662457E+1	-1.662457E+1	-6.447855E-5	4.557324E+1
-2.500000E-1	1.385152E+1	-1.385152E+1	-5.372324E-5	4.576172E+1
-2.000000E-1	1.108359E+1	-1.108359E+1	-4.298780E-5	4.594922E+1
-1.500000E-1	8.314094E+0	-8.314094E+0	-3.224629E-5	4.613770E+1
-1.000000E-1	5.541165E+0	-5.541165E+0	-2.149146E-5	4.632617E+1
-5.000000E-2	2.766932E+0	-2.766932E+0	-1.073157E-5	4.651367E+1
0.000000E+0	3.544859E-4	3.544859E-4	1.374877E-9	4.708887E+1
0.000000E+0	3.121351E-4	3.121351E-4	1.210619E-9	4.727832E+1
5.000000E-2	2.706591E+0	2.706591E+0	1.049754E-5	4.765918E+1
1.000000E-1	5.557560E+0	5.557560E+0	2.155505E-5	4.823535E+1
1.500000E-1	8.331448E+0	8.331448E+0	3.231360E-5	4.842383E+1
2.000000E-1	1.110222E+1	1.110222E+1	4.306005E-5	4.861133E+1
2.500000E-1	1.387146E+1	1.387146E+1	5.380058E-5	4.879980E+1
3.000000E-1	1.664664E+1	1.664664E+1	6.456414E-5	4.898730E+1
3.500000E-1	1.942208E+1	1.942208E+1	7.532871E-5	4.917578E+1
4.000000E-1	2.219848E+1	2.219848E+1	8.609703E-5	4.936426E+1
4.500000E-1	2.497029E+1	2.497029E+1	9.684751E-5	4.955176E+1
5.000000E-1	2.772887E+1	2.772887E+1	1.075467E-4	5.012305E+1
5.000000E-1	2.772949E+1	2.772949E+1	1.075491E-4	5.031152E+1
4.500000E-1	2.497298E+1	2.497298E+1	9.685793E-5	5.069141E+1
4.000000E-1	2.220154E+1	2.220154E+1	8.610889E-5	5.087891E+1
3.500000E-1	1.942543E+1	1.942543E+1	7.534171E-5	5.106738E+1
3.000000E-1	1.665025E+1	1.665025E+1	6.457817E-5	5.125488E+1
2.500000E-1	1.387493E+1	1.387493E+1	5.381405E-5	5.144336E+1
2.000000E-1	1.110534E+1	1.110534E+1	4.307216E-5	5.163184E+1
1.500000E-1	8.334212E+0	8.334212E+0	3.232432E-5	5.181934E+1
1.000000E-1	5.559736E+0	5.559736E+0	2.156349E-5	5.200781E+1
5.000000E-2	2.783848E+0	2.783848E+0	1.079718E-5	5.219629E+1
0.000000E+0	2.862824E-4	2.862824E-4	1.110349E-9	5.277148E+1
-5.000000E-2	2.769659E+0	-2.769659E+0	-1.074215E-5	5.354102E+1
-1.000000E-1	5.546935E+0	-5.546935E+0	-2.151384E-5	5.372852E+1
-1.500000E-1	8.322989E+0	-8.322989E+0	-3.228079E-5	5.391699E+1
-2.000000E-1	1.109580E+1	-1.109580E+1	-4.303515E-5	5.410547E+1
-2.500000E-1	1.386734E+1	-1.386734E+1	-5.378459E-5	5.429297E+1
-3.000000E-1	1.664467E+1	-1.664467E+1	-6.455650E-5	5.448145E+1
-3.500000E-1	1.942229E+1	-1.942229E+1	-7.532953E-5	5.466992E+1
-4.000000E-1	2.220069E+1	-2.220069E+1	-8.610557E-5	5.485742E+1
-4.500000E-1	2.497322E+1	-2.497322E+1	-9.685889E-5	5.504590E+1
-5.000000E-1	2.773748E+1	-2.773748E+1	-1.075801E-4	5.561719E+1
-5.000000E-1	2.773797E+1	-2.773797E+1	-1.075820E-4	5.580469E+1
-4.500000E-1	2.497565E+1	-2.497565E+1	-9.686830E-5	5.618457E+1
-4.000000E-1	2.220378E+1	-2.220378E+1	-8.611756E-5	5.637305E+1
-3.500000E-1	1.942557E+1	-1.942557E+1	-7.534224E-5	5.656055E+1
-3.000000E-1	1.664803E+1	-1.664803E+1	-6.456955E-5	5.674902E+1
-2.500000E-1	1.387074E+1	-1.387074E+1	-5.379778E-5	5.693750E+1
-2.000000E-1	1.109885E+1	-1.109885E+1	-4.304700E-5	5.712500E+1
-1.500000E-1	8.325668E+0	-8.325668E+0	-3.229118E-5	5.731348E+1
-1.000000E-1	5.548928E+0	-5.548928E+0	-2.152157E-5	5.750098E+1
-5.000000E-2	2.770698E+0	-2.770698E+0	-1.074618E-5	5.768945E+1
0.000000E+0	3.380752E-4	3.380752E-4	1.311228E-9	5.826465E+1
0.000000E+0	2.975254E-4	2.975254E-4	1.153955E-9	5.845313E+1
5.000000E-2	2.786622E+0	2.786622E+0	1.080794E-5	5.922266E+1
1.000000E-1	5.565362E+0	5.565362E+0	2.158531E-5	5.941113E+1
1.500000E-1	8.342891E+0	8.342891E+0	3.235798E-5	5.959863E+1
2.000000E-1	1.111753E+1	1.111753E+1	4.311944E-5	5.978711E+1
2.500000E-1	1.389069E+1	1.389069E+1	5.387516E-5	5.997559E+1
3.000000E-1	1.666912E+1	1.666912E+1	6.465135E-5	6.016309E+1
3.500000E-1	1.944845E+1	1.944845E+1	7.543099E-5	6.035156E+1
4.000000E-1	2.222827E+1	2.222827E+1	8.621255E-5	6.053906E+1
4.500000E-1	2.500365E+1	2.500365E+1	9.697688E-5	6.072754E+1
5.000000E-1	2.776474E+1	2.776474E+1	1.076858E-4	6.129883E+1
5.000000E-1	2.776528E+1	2.776528E+1	1.076879E-4	6.148633E+1
4.500000E-1	2.500427E+1	2.500427E+1	9.697930E-5	6.186621E+1
4.000000E-1	2.222882E+1	2.222882E+1	8.621468E-5	6.205469E+1
3.500000E-1	1.944901E+1	1.944901E+1	7.543316E-5	6.224219E+1
3.000000E-1	1.666980E+1	1.666980E+1	6.465396E-5	6.243066E+1
2.500000E-1	1.389096E+1	1.389096E+1	5.387621E-5	6.261914E+1
2.000000E-1	1.111764E+1	1.111764E+1	4.311986E-5	6.280664E+1
1.500000E-1	8.343311E+0	8.343311E+0	3.235961E-5	6.299512E+1
1.000000E-1	5.565561E+0	5.565561E+0	2.158608E-5	6.318359E+1
5.000000E-2	2.786632E+0	2.786632E+0	1.080798E-5	6.337109E+1
0.000000E+0	1.379315E-5	1.379315E-5	5.349687E-11	6.487695E+1
-5.000000E-2	2.772116E+0	-2.772116E+0	-1.075168E-5	6.545215E+1
-1.000000E-1	5.551424E+0	-5.551424E+0	-2.153125E-5	6.564062E+1
-1.500000E-1	8.329135E+0	-8.329135E+0	-3.230463E-5	6.582813E+1
-2.000000E-1	1.110359E+1	-1.110359E+1	-4.306536E-5	6.601660E+1
-2.500000E-1	1.387670E+1	-1.387670E+1	-5.382091E-5	6.620508E+1
-3.000000E-1	1.665556E+1	-1.665556E+1	-6.459876E-5	6.639258E+1
-3.500000E-1	1.943453E+1	-1.943453E+1	-7.537699E-5	6.658105E+1
-4.000000E-1	2.221447E+1	-2.221447E+1	-8.615902E-5	6.676953E+1
-4.500000E-1	2.498804E+1	-2.498804E+1	-9.691635E-5	6.695703E+1
-5.000000E-1	2.775213E+1	-2.775213E+1	-1.076369E-4	6.752832E+1
-5.000000E-1	2.775190E+1	-2.775190E+1	-1.076360E-4	6.771680E+1
-4.500000E-1	2.498685E+1	-2.498685E+1	-9.691175E-5	6.809668E+1
-4.000000E-1	2.221315E+1	-2.221315E+1	-8.615393E-5	6.828418E+1
-3.500000E-1	1.943319E+1	-1.943319E+1	-7.537180E-5	6.847266E+1
-3.000000E-1	1.665418E+1	-1.665418E+1	-6.459338E-5	6.866016E+1
-2.500000E-1	1.387556E+1	-1.387556E+1	-5.381647E-5	6.884863E+1
-2.000000E-1	1.110250E+1	-1.110250E+1	-4.306114E-5	6.903711E+1
-1.500000E-1	8.328096E+0	-8.328096E+0	-3.230060E-5	6.922461E+1
-1.000000E-1	5.550346E+0	-5.550346E+0	-2.152707E-5	6.941309E+1
-5.000000E-2	2.771503E+0	-2.771503E+0	-1.074930E-5	6.960059E+1
0.000000E+0	1.095535E-5	1.095535E-5	4.249043E-11	7.088281E+1
0.000000E+0	6.719411E-6	6.719411E-6	2.606130E-11	7.140723E+1
5.000000E-2	2.787251E+0	2.787251E+0	1.081038E-5	7.198242E+1
1.000000E-1	5.566358E+0	5.566358E+0	2.158917E-5	7.216992E+1
1.500000E-1	8.344654E+0	8.344654E+0	3.236482E-5	7.235840E+1
2.000000E-1	1.111961E+1	1.111961E+1	4.312751E-5	7.254590E+1
2.500000E-1	1.389347E+1	1.389347E+1	5.388595E-5	7.273438E+1
3.000000E-1	1.667294E+1	1.667294E+1	6.466617E-5	7.292285E+1
3.500000E-1	1.945312E+1	1.945312E+1	7.544913E-5	7.311035E+1
4.000000E-1	2.223390E+1	2.223390E+1	8.623439E-5	7.329883E+1
4.500000E-1	2.501044E+1	2.501044E+1	9.700324E-5	7.348730E+1
5.000000E-1	2.777405E+1	2.777405E+1	1.077219E-4	7.405762E+1
5.000000E-1	2.777472E+1	2.777472E+1	1.077245E-4	7.424609E+1
4.500000E-1	2.501384E+1	2.501384E+1	9.701642E-5	7.462598E+1
4.000000E-1	2.223792E+1	2.223792E+1	8.624997E-5	7.481348E+1
3.500000E-1	1.945698E+1	1.945698E+1	7.546407E-5	7.500195E+1
3.000000E-1	1.667673E+1	1.667673E+1	6.468086E-5	7.519043E+1
2.500000E-1	1.389694E+1	1.389694E+1	5.389940E-5	7.537793E+1
2.000000E-1	1.112285E+1	1.112285E+1	4.314008E-5	7.556641E+1
1.500000E-1	8.347075E+0	8.347075E+0	3.237421E-5	7.575391E+1
1.000000E-1	5.568180E+0	5.568180E+0	2.159624E-5	7.594238E+1
5.000000E-2	2.788205E+0	2.788205E+0	1.081408E-5	7.613086E+1
0.000000E+0	1.418496E-5	1.418496E-5	5.501649E-11	7.741211E+1
-5.000000E-2	2.773939E+0	-2.773939E+0	-1.075875E-5	7.798828E+1
-1.000000E-1	5.555095E+0	-5.555095E+0	-2.154549E-5	7.817578E+1
-1.500000E-1	8.334735E+0	-8.334735E+0	-3.232635E-5	7.836426E+1
-2.000000E-1	1.111139E+1	-1.111139E+1	-4.309563E-5	7.855273E+1
-2.500000E-1	1.388686E+1	-1.388686E+1	-5.386033E-5	7.874023E+1
-3.000000E-1	1.666754E+1	-1.666754E+1	-6.464520E-5	7.892871E+1
-3.500000E-1	1.944894E+1	-1.944894E+1	-7.543291E-5	7.911719E+1
-4.000000E-1	2.223096E+1	-2.223096E+1	-8.622299E-5	7.930469E+1
-4.500000E-1	2.500693E+1	-2.500693E+1	-9.698962E-5	7.949316E+1
-5.000000E-1	2.777371E+1	-2.777371E+1	-1.077206E-4	8.006445E+1
-5.000000E-1	2.777389E+1	-2.777389E+1	-1.077213E-4	8.025195E+1
-4.500000E-1	2.500721E+1	-2.500721E+1	-9.699071E-5	8.063184E+1
-4.000000E-1	2.223160E+1	-2.223160E+1	-8.622548E-5	8.082031E+1
-3.500000E-1	1.944972E+1	-1.944972E+1	-7.543592E-5	8.100781E+1
-3.000000E-1	1.666837E+1	-1.666837E+1	-6.464841E-5	8.119629E+1
-2.500000E-1	1.388775E+1	-1.388775E+1	-5.386378E-5	8.138477E+1
-2.000000E-1	1.111246E+1	-1.111246E+1	-4.309979E-5	8.157227E+1
-1.500000E-1	8.335836E+0	-8.335836E+0	-3.233062E-5	8.176074E+1
-1.000000E-1	5.555688E+0	-5.555688E+0	-2.154779E-5	8.194824E+1
-5.000000E-2	2.774107E+0	-2.774107E+0	-1.075940E-5	8.213672E+1
0.000000E+0	1.083413E-5	1.083413E-5	4.202027E-11	8.341895E+1
0.000000E+0	6.825713E-6	6.825713E-6	2.647359E-11	8.394238E+1
5.000000E-2	2.790242E+0	2.790242E+0	1.082198E-5	8.451758E+1
1.000000E-1	5.572282E+0	5.572282E+0	2.161215E-5	8.470605E+1
1.500000E-1	8.353537E+0	8.353537E+0	3.239927E-5	8.489355E+1
2.000000E-1	1.113138E+1	1.113138E+1	4.317315E-5	8.508203E+1
2.500000E-1	1.390766E+1	1.390766E+1	5.394100E-5	8.527051E+1
3.000000E-1	1.668989E+1	1.668989E+1	6.473190E-5	8.545801E+1
3.500000E-1	1.947276E+1	1.947276E+1	7.552528E-5	8.564648E+1
4.000000E-1	2.225614E+1	2.225614E+1	8.632064E-5	8.583398E+1
4.500000E-1	2.503513E+1	2.503513E+1	9.709899E-5	8.602246E+1
5.000000E-1	2.780055E+1	2.780055E+1	1.078247E-4	8.659375E+1
5.000000E-1	2.780081E+1	2.780081E+1	1.078257E-4	8.678125E+1
4.500000E-1	2.503629E+1	2.503629E+1	9.710349E-5	8.716113E+1
4.000000E-1	2.225765E+1	2.225765E+1	8.632652E-5	8.734961E+1
3.500000E-1	1.947420E+1	1.947420E+1	7.553085E-5	8.753711E+1
3.000000E-1	1.669153E+1	1.669153E+1	6.473825E-5	8.772559E+1
2.500000E-1	1.390915E+1	1.390915E+1	5.394678E-5	8.791406E+1
2.000000E-1	1.113268E+1	1.113268E+1	4.317822E-5	8.810156E+1
1.500000E-1	8.354522E+0	8.354522E+0	3.240309E-5	8.829004E+1
1.000000E-1	5.573126E+0	5.573126E+0	2.161542E-5	8.847852E+1
5.000000E-2	2.790616E+0	2.790616E+0	1.082343E-5	8.866602E+1
0.000000E+0	1.443380E-5	1.443380E-5	5.598162E-11	8.994824E+1
-5.000000E-2	2.776203E+0	-2.776203E+0	-1.076753E-5	9.052344E+1
-1.000000E-1	5.559535E+0	-5.559535E+0	-2.156271E-5	9.071191E+1
-1.500000E-1	8.341418E+0	-8.341418E+0	-3.235227E-5	9.090039E+1
-2.000000E-1	1.112060E+1	-1.112060E+1	-4.313137E-5	9.108789E+1
-2.500000E-1	1.389830E+1	-1.389830E+1	-5.390469E-5	9.127637E+1
-3.000000E-1	1.668140E+1	-1.668140E+1	-6.469898E-5	9.146387E+1
-3.500000E-1	1.946521E+1	-1.946521E+1	-7.549601E-5	9.165234E+1
-4.000000E-1	2.224977E+1	-2.224977E+1	-8.629593E-5	9.184082E+1
-4.500000E-1	2.502782E+1	-2.502782E+1	-9.707063E-5	9.202832E+1
-5.000000E-1	2.779730E+1	-2.779730E+1	-1.078121E-4	9.259961E+1
-5.000000E-1	2.779764E+1	-2.779764E+1	-1.078134E-4	9.278809E+1
-4.500000E-1	2.502892E+1	-2.502892E+1	-9.707491E-5	9.316797E+1
-4.000000E-1	2.225130E+1	-2.225130E+1	-8.630188E-5	9.335547E+1
-3.500000E-1	1.946701E+1	-1.946701E+1	-7.550298E-5	9.354395E+1
-3.000000E-1	1.668353E+1	-1.668353E+1	-6.470723E-5	9.373242E+1
-2.500000E-1	1.390040E+1	-1.390040E+1	-5.391285E-5	9.391992E+1
-2.000000E-1	1.112270E+1	-1.112270E+1	-4.313950E-5	9.410840E+1
-1.500000E-1	8.343439E+0	-8.343439E+0	-3.236011E-5	9.429590E+1
-1.000000E-1	5.560747E+0	-5.560747E+0	-2.156741E-5	9.448438E+1
-5.000000E-2	2.776812E+0	-2.776812E+0	-1.076989E-5	9.467285E+1
0.000000E+0	1.109986E-5	1.109986E-5	4.305093E-11	9.595410E+1
0.000000E+0	6.715304E-6	6.715304E-6	2.604537E-11	9.647852E+1
5.000000E-2	2.793045E+0	2.793045E+0	1.083285E-5	9.705371E+1
1.000000E-1	5.578388E+0	5.578388E+0	2.163583E-5	9.724121E+1
1.500000E-1	8.362522E+0	8.362522E+0	3.243412E-5	9.742969E+1
2.000000E-1	1.114361E+1	1.114361E+1	4.322059E-5	9.761816E+1
2.500000E-1	1.392346E+1	1.392346E+1	5.400227E-5	9.780566E+1
3.000000E-1	1.670928E+1	1.670928E+1	6.480709E-5	9.799414E+1
3.500000E-1	1.949558E+1	1.949558E+1	7.561381E-5	9.818262E+1
4.000000E-1	2.228277E+1	2.228277E+1	8.642392E-5	9.837012E+1
4.500000E-1	2.506543E+1	2.506543E+1	9.721651E-5	9.855859E+1
5.000000E-1	2.783538E+1	2.783538E+1	1.079598E-4	9.912988E+1
5.000000E-1	2.783569E+1	2.783569E+1	1.079610E-4	9.931738E+1
4.500000E-1	2.506823E+1	2.506823E+1	9.722738E-5	9.969727E+1
4.000000E-1	2.228609E+1	2.228609E+1	8.643680E-5	9.988574E+1
3.500000E-1	1.949949E+1	1.949949E+1	7.562897E-5	1.000732E+2
3.000000E-1	1.671350E+1	1.671350E+1	6.482348E-5	1.002617E+2
2.500000E-1	1.392777E+1	1.392777E+1	5.401897E-5	1.004492E+2
2.000000E-1	1.114778E+1	1.114778E+1	4.323677E-5	1.006377E+2
1.500000E-1	8.365972E+0	8.365972E+0	3.244750E-5	1.008262E+2
1.000000E-1	5.580758E+0	5.580758E+0	2.164502E-5	1.010137E+2
5.000000E-2	2.794339E+0	2.794339E+0	1.083787E-5	1.012021E+2
0.000000E+0	5.109811E-5	5.109811E-5	1.981845E-10	1.020010E+2
-5.000000E-2	2.779996E+0	-2.779996E+0	-1.078224E-5	1.027715E+2
-1.000000E-1	5.567613E+0	-5.567613E+0	-2.159404E-5	1.029590E+2
-1.500000E-1	8.353830E+0	-8.353830E+0	-3.240041E-5	1.031475E+2
-2.000000E-1	1.113693E+1	-1.113693E+1	-4.319470E-5	1.033359E+2
-2.500000E-1	1.391866E+1	-1.391866E+1	-5.398366E-5	1.035234E+2
-3.000000E-1	1.670589E+1	-1.670589E+1	-6.479397E-5	1.037119E+2
-3.500000E-1	1.949364E+1	-1.949364E+1	-7.560625E-5	1.038994E+2
-4.000000E-1	2.228217E+1	-2.228217E+1	-8.642160E-5	1.040879E+2
-4.500000E-1	2.506434E+1	-2.506434E+1	-9.721227E-5	1.042764E+2
-5.000000E-1	2.783786E+1	-2.783786E+1	-1.079694E-4	1.048477E+2
-5.000000E-1	2.783776E+1	-2.783776E+1	-1.079690E-4	1.050352E+2
-4.500000E-1	2.506467E+1	-2.506467E+1	-9.721357E-5	1.054150E+2
-4.000000E-1	2.228237E+1	-2.228237E+1	-8.642240E-5	1.056035E+2
-3.500000E-1	1.949381E+1	-1.949381E+1	-7.560691E-5	1.057910E+2
-3.000000E-1	1.670622E+1	-1.670622E+1	-6.479524E-5	1.059795E+2
-2.500000E-1	1.391890E+1	-1.391890E+1	-5.398459E-5	1.061680E+2
-2.000000E-1	1.113717E+1	-1.113717E+1	-4.319563E-5	1.063555E+2
-1.500000E-1	8.354209E+0	-8.354209E+0	-3.240188E-5	1.065439E+2
-1.000000E-1	5.567856E+0	-5.567856E+0	-2.159498E-5	1.067314E+2
-5.000000E-2	2.780034E+0	-2.780034E+0	-1.078239E-5	1.069199E+2
0.000000E+0	4.274923E-5	4.274923E-5	1.658033E-10	1.077187E+2
0.000000E+0	3.484473E-5	3.484473E-5	1.351456E-10	1.079082E+2
5.000000E-2	2.795533E+0	2.795533E+0	1.084250E-5	1.086777E+2
1.000000E-1	5.582895E+0	5.582895E+0	2.165331E-5	1.088662E+2
1.500000E-1	8.369288E+0	8.369288E+0	3.246036E-5	1.090537E+2
2.000000E-1	1.115184E+1	1.115184E+1	4.325253E-5	1.092422E+2
2.500000E-1	1.393314E+1	1.393314E+1	5.403983E-5	1.094307E+2
3.000000E-1	1.671990E+1	1.671990E+1	6.484830E-5	1.096182E+2
3.500000E-1	1.950699E+1	1.950699E+1	7.565805E-5	1.098066E+2
4.000000E-1	2.229507E+1	2.229507E+1	8.647164E-5	1.099941E+2
4.500000E-1	2.507813E+1	2.507813E+1	9.726578E-5	1.101826E+2
5.000000E-1	2.784624E+1	2.784624E+1	1.080019E-4	1.107539E+2
5.000000E-1	2.784590E+1	2.784590E+1	1.080006E-4	1.109414E+2
4.500000E-1	2.507704E+1	2.507704E+1	9.726152E-5	1.113213E+2
4.000000E-1	2.229384E+1	2.229384E+1	8.646688E-5	1.115098E+2
3.500000E-1	1.950579E+1	1.950579E+1	7.565341E-5	1.116973E+2
3.000000E-1	1.671901E+1	1.671901E+1	6.484485E-5	1.118857E+2
2.500000E-1	1.393219E+1	1.393219E+1	5.403614E-5	1.120742E+2
2.000000E-1	1.115123E+1	1.115123E+1	4.325016E-5	1.122617E+2
1.500000E-1	8.368717E+0	8.368717E+0	3.245815E-5	1.124502E+2
1.000000E-1	5.582701E+0	5.582701E+0	2.165256E-5	1.126387E+2
5.000000E-2	2.795494E+0	2.795494E+0	1.084235E-5	1.128262E+2
0.000000E+0	1.424015E-5	1.424015E-5	5.523054E-11	1.141084E+2
-5.000000E-2	2.781708E+0	-2.781708E+0	-1.078888E-5	1.146836E+2
-1.000000E-1	5.570836E+0	-5.570836E+0	-2.160654E-5	1.148721E+2
-1.500000E-1	8.358721E+0	-8.358721E+0	-3.241938E-5	1.150605E+2
-2.000000E-1	1.114368E+1	-1.114368E+1	-4.322085E-5	1.152480E+2
-2.500000E-1	1.392699E+1	-1.392699E+1	-5.401595E-5	1.154365E+2
-3.000000E-1	1.671603E+1	-1.671603E+1	-6.483329E-5	1.156240E+2
-3.500000E-1	1.950555E+1	-1.950555E+1	-7.565245E-5	1.158125E+2
-4.000000E-1	2.229593E+1	-2.229593E+1	-8.647499E-5	1.160010E+2
-4.500000E-1	2.508039E+1	-2.508039E+1	-9.727455E-5	1.161885E+2
-5.000000E-1	2.785640E+1	-2.785640E+1	-1.080413E-4	1.167598E+2
-5.000000E-1	2.785671E+1	-2.785671E+1	-1.080425E-4	1.169482E+2
-4.500000E-1	2.508231E+1	-2.508231E+1	-9.728197E-5	1.173281E+2
-4.000000E-1	2.229856E+1	-2.229856E+1	-8.648519E-5	1.175156E+2
-3.500000E-1	1.950840E+1	-1.950840E+1	-7.566350E-5	1.177041E+2
-3.000000E-1	1.671915E+1	-1.671915E+1	-6.484540E-5	1.178916E+2
-2.500000E-1	1.392996E+1	-1.392996E+1	-5.402749E-5	1.180801E+2
-2.000000E-1	1.114637E+1	-1.114637E+1	-4.323130E-5	1.182686E+2
-1.500000E-1	8.361341E+0	-8.361341E+0	-3.242954E-5	1.184561E+2
-1.000000E-1	5.572656E+0	-5.572656E+0	-2.161360E-5	1.186445E+2
-5.000000E-2	2.782564E+0	-2.782564E+0	-1.079220E-5	1.188330E+2
0.000000E+0	3.615247E-4	3.615247E-4	1.402177E-9	1.194082E+2
