voltage_YSR_1_32C	absJ_YSR_1_32C	J_YSR_1_32C	current_YSR_1_32C	time_YSR_1_32C
0.000000E+0	2.806609E-7	2.806609E-7	1.088546E-12	0.000000E+0
5.000000E-2	2.235955E-6	2.235955E-6	8.672174E-12	5.234375E-1
1.000000E-1	3.633092E-6	3.633092E-6	1.409098E-11	1.046875E+0
1.500000E-1	4.682211E-6	4.682211E-6	1.816000E-11	1.570313E+0
2.000000E-1	6.496785E-6	6.496785E-6	2.519784E-11	2.093750E+0
2.500000E-1	8.191405E-6	8.191405E-6	3.177044E-11	2.617188E+0
3.000000E-1	9.370027E-6	9.370027E-6	3.634174E-11	3.140625E+0
3.500000E-1	1.116790E-5	1.116790E-5	4.331480E-11	3.664063E+0
4.000000E-1	1.287250E-5	1.287250E-5	4.992611E-11	4.187500E+0
4.500000E-1	1.496849E-5	1.496849E-5	5.805544E-11	4.710938E+0
5.000000E-1	1.601136E-5	1.601136E-5	6.210019E-11	5.234375E+0
5.000000E-1	1.534254E-5	1.534254E-5	5.950618E-11	5.839844E+0
4.500000E-1	1.424219E-5	1.424219E-5	5.523847E-11	6.735352E+0
4.000000E-1	1.274355E-5	1.274355E-5	4.942597E-11	7.258789E+0
3.500000E-1	1.091564E-5	1.091564E-5	4.233640E-11	7.782227E+0
3.000000E-1	9.164374E-6	9.164374E-6	3.554411E-11	8.305664E+0
2.500000E-1	7.456300E-6	7.456300E-6	2.891933E-11	8.829102E+0
2.000000E-1	5.812720E-6	5.812720E-6	2.254469E-11	9.352539E+0
1.500000E-1	4.181784E-6	4.181784E-6	1.621909E-11	9.875977E+0
1.000000E-1	2.579120E-6	2.579120E-6	1.000314E-11	1.039941E+1
5.000000E-2	1.000619E-6	1.000619E-6	3.880909E-12	1.092285E+1
0.000000E+0	5.746146E-7	-5.746146E-7	-2.228648E-12	1.144629E+1
-5.000000E-2	1.871109E-6	-1.871109E-6	-7.257112E-12	1.197070E+1
-1.000000E-1	2.676074E-6	-2.676074E-6	-1.037918E-11	1.249414E+1
-1.500000E-1	5.305010E-6	-5.305010E-6	-2.057553E-11	1.301758E+1
-2.000000E-1	6.874940E-6	-6.874940E-6	-2.666452E-11	1.354102E+1
-2.500000E-1	8.414276E-6	-8.414276E-6	-3.263485E-11	1.406445E+1
-3.000000E-1	9.766035E-6	-9.766035E-6	-3.787766E-11	1.458789E+1
-3.500000E-1	1.122443E-5	-1.122443E-5	-4.353405E-11	1.511133E+1
-4.000000E-1	1.270209E-5	-1.270209E-5	-4.926516E-11	1.563477E+1
-4.500000E-1	1.417047E-5	-1.417047E-5	-5.496029E-11	1.615820E+1
-5.000000E-1	1.558950E-5	-1.558950E-5	-6.046401E-11	1.668164E+1
-5.000000E-1	1.541744E-5	-1.541744E-5	-5.979670E-11	1.720508E+1
-4.500000E-1	1.343119E-5	-1.343119E-5	-5.209298E-11	1.772852E+1
-4.000000E-1	1.161076E-5	-1.161076E-5	-4.503246E-11	1.825195E+1
-3.500000E-1	9.935613E-6	-9.935613E-6	-3.853537E-11	1.877539E+1
-3.000000E-1	8.280130E-6	-8.280130E-6	-3.211456E-11	1.929883E+1
-2.500000E-1	6.697508E-6	-6.697508E-6	-2.597635E-11	1.982227E+1
-2.000000E-1	5.136033E-6	-5.136033E-6	-1.992015E-11	2.034570E+1
-1.500000E-1	3.581587E-6	-3.581587E-6	-1.389122E-11	2.086914E+1
-1.000000E-1	2.076310E-6	-2.076310E-6	-8.052989E-12	2.139258E+1
-5.000000E-2	5.580299E-7	-5.580299E-7	-2.164324E-12	2.191602E+1
0.000000E+0	9.227625E-7	9.227625E-7	3.578943E-12	2.243945E+1
0.000000E+0	7.800453E-7	7.800453E-7	3.025413E-12	2.296387E+1
5.000000E-2	2.248783E-6	2.248783E-6	8.721926E-12	2.348633E+1
1.000000E-1	3.768662E-6	3.768662E-6	1.461679E-11	2.400977E+1
1.500000E-1	5.231737E-6	5.231737E-6	2.029134E-11	2.453320E+1
2.000000E-1	6.664896E-6	6.664896E-6	2.584986E-11	2.505664E+1
2.500000E-1	8.111041E-6	8.111041E-6	3.145875E-11	2.558008E+1
3.000000E-1	9.528122E-6	9.528122E-6	3.695491E-11	2.610352E+1
3.500000E-1	1.091605E-5	1.091605E-5	4.233801E-11	2.662695E+1
4.000000E-1	1.230775E-5	1.230775E-5	4.773573E-11	2.715039E+1
4.500000E-1	1.368133E-5	1.368133E-5	5.306316E-11	2.767383E+1
5.000000E-1	1.504369E-5	1.504369E-5	5.834711E-11	2.819727E+1
5.000000E-1	1.474042E-5	1.474042E-5	5.717085E-11	2.872070E+1
4.500000E-1	1.292749E-5	1.292749E-5	5.013940E-11	2.924414E+1
4.000000E-1	1.123434E-5	1.123434E-5	4.357249E-11	2.976758E+1
3.500000E-1	9.594469E-6	9.594469E-6	3.721224E-11	3.029102E+1
3.000000E-1	8.107148E-6	8.107148E-6	3.144365E-11	3.081445E+1
2.500000E-1	6.564687E-6	6.564687E-6	2.546120E-11	3.133789E+1
2.000000E-1	5.155083E-6	5.155083E-6	1.999404E-11	3.186133E+1
1.500000E-1	3.709734E-6	3.709734E-6	1.438824E-11	3.238477E+1
1.000000E-1	2.224881E-6	2.224881E-6	8.629222E-12	3.290820E+1
5.000000E-2	8.638881E-7	8.638881E-7	3.350598E-12	3.343164E+1
0.000000E+0	5.483584E-7	-5.483584E-7	-2.126813E-12	3.395508E+1
-5.000000E-2	1.943290E-6	-1.943290E-6	-7.537068E-12	3.447949E+1
-1.000000E-1	3.324586E-6	-3.324586E-6	-1.289444E-11	3.500293E+1
-1.500000E-1	4.693455E-6	-4.693455E-6	-1.820361E-11	3.552637E+1
-2.000000E-1	6.036389E-6	-6.036389E-6	-2.341219E-11	3.604980E+1
-2.500000E-1	7.396888E-6	-7.396888E-6	-2.868890E-11	3.657324E+1
-3.000000E-1	8.731650E-6	-8.731650E-6	-3.386579E-11	3.709668E+1
-3.500000E-1	1.007875E-5	-1.007875E-5	-3.909054E-11	3.762012E+1
-4.000000E-1	1.138393E-5	-1.138393E-5	-4.415268E-11	3.814355E+1
-4.500000E-1	1.269541E-5	-1.269541E-5	-4.923925E-11	3.866699E+1
-5.000000E-1	1.402453E-5	-1.402453E-5	-5.439429E-11	3.919043E+1
-5.000000E-1	1.369757E-5	-1.369757E-5	-5.312614E-11	3.971387E+1
-4.500000E-1	1.200790E-5	-1.200790E-5	-4.657277E-11	4.023730E+1
-4.000000E-1	1.035384E-5	-1.035384E-5	-4.015747E-11	4.076074E+1
-3.500000E-1	8.823490E-6	-8.823490E-6	-3.422199E-11	4.128418E+1
-3.000000E-1	7.357350E-6	-7.357350E-6	-2.853555E-11	4.180762E+1
-2.500000E-1	5.923742E-6	-5.923742E-6	-2.297529E-11	4.233105E+1
-2.000000E-1	4.550470E-6	-4.550470E-6	-1.764904E-11	4.285449E+1
-1.500000E-1	3.138603E-6	-3.138603E-6	-1.217310E-11	4.337793E+1
-1.000000E-1	1.758999E-6	-1.758999E-6	-6.822293E-12	4.390137E+1
-5.000000E-2	4.522106E-7	-4.522106E-7	-1.753903E-12	4.442480E+1
0.000000E+0	9.269953E-7	9.269953E-7	3.595360E-12	4.494824E+1
0.000000E+0	7.486366E-7	7.486366E-7	2.903594E-12	4.547168E+1
5.000000E-2	2.128898E-6	2.128898E-6	8.256951E-12	4.599512E+1
1.000000E-1	3.497527E-6	3.497527E-6	1.356519E-11	4.651855E+1
1.500000E-1	4.823670E-6	4.823670E-6	1.870865E-11	4.704199E+1
2.000000E-1	6.135522E-6	6.135522E-6	2.379668E-11	4.756543E+1
2.500000E-1	7.419832E-6	7.419832E-6	2.877789E-11	4.808887E+1
3.000000E-1	8.706077E-6	8.706077E-6	3.376660E-11	4.861230E+1
3.500000E-1	9.976618E-6	9.976618E-6	3.869441E-11	4.913574E+1
4.000000E-1	1.123047E-5	1.123047E-5	4.355748E-11	4.965918E+1
4.500000E-1	1.248532E-5	1.248532E-5	4.842442E-11	5.018262E+1
5.000000E-1	1.373944E-5	1.373944E-5	5.328856E-11	5.070605E+1
5.000000E-1	1.352529E-5	1.352529E-5	5.245795E-11	5.122949E+1
4.500000E-1	1.178968E-5	1.178968E-5	4.572639E-11	5.175293E+1
4.000000E-1	1.018308E-5	1.018308E-5	3.949518E-11	5.227637E+1
3.500000E-1	8.765501E-6	8.765501E-6	3.399708E-11	5.279980E+1
3.000000E-1	7.327942E-6	7.327942E-6	2.842149E-11	5.332324E+1
2.500000E-1	6.005467E-6	6.005467E-6	2.329226E-11	5.384668E+1
2.000000E-1	4.662750E-6	4.662750E-6	1.808452E-11	5.437012E+1
1.500000E-1	3.263909E-6	3.263909E-6	1.265910E-11	5.489355E+1
1.000000E-1	1.992088E-6	1.992088E-6	7.726333E-12	5.541699E+1
5.000000E-2	6.333245E-7	6.333245E-7	2.456355E-12	5.594043E+1
0.000000E+0	5.787938E-7	-5.787938E-7	-2.244857E-12	5.646387E+1
-5.000000E-2	1.851694E-6	-1.851694E-6	-7.181811E-12	5.698828E+1
-1.000000E-1	3.121519E-6	-3.121519E-6	-1.210684E-11	5.751172E+1
-1.500000E-1	4.369045E-6	-4.369045E-6	-1.694538E-11	5.803516E+1
-2.000000E-1	5.639388E-6	-5.639388E-6	-2.187242E-11	5.855859E+1
-2.500000E-1	6.860383E-6	-6.860383E-6	-2.660806E-11	5.908203E+1
-3.000000E-1	8.088527E-6	-8.088527E-6	-3.137143E-11	5.960547E+1
-3.500000E-1	9.316981E-6	-9.316981E-6	-3.613600E-11	6.012891E+1
-4.000000E-1	1.053801E-5	-1.053801E-5	-4.087179E-11	6.065234E+1
-4.500000E-1	1.175132E-5	-1.175132E-5	-4.557761E-11	6.117578E+1
-5.000000E-1	1.295498E-5	-1.295498E-5	-5.024600E-11	6.169922E+1
-5.000000E-1	1.277929E-5	-1.277929E-5	-4.956459E-11	6.222266E+1
-4.500000E-1	1.105713E-5	-1.105713E-5	-4.288517E-11	6.274609E+1
-4.000000E-1	9.562298E-6	-9.562298E-6	-3.708746E-11	6.326953E+1
-3.500000E-1	8.147878E-6	-8.147878E-6	-3.160162E-11	6.379297E+1
-3.000000E-1	6.805509E-6	-6.805509E-6	-2.639523E-11	6.431641E+1
-2.500000E-1	5.471460E-6	-5.471460E-6	-2.122111E-11	6.483984E+1
-2.000000E-1	4.117755E-6	-4.117755E-6	-1.597075E-11	6.536328E+1
-1.500000E-1	2.894782E-6	-2.894782E-6	-1.122744E-11	6.588672E+1
-1.000000E-1	1.620332E-6	-1.620332E-6	-6.284473E-12	6.641016E+1
-5.000000E-2	3.096867E-7	-3.096867E-7	-1.201123E-12	6.693359E+1
0.000000E+0	8.737457E-7	8.737457E-7	3.388831E-12	6.745703E+1
0.000000E+0	7.458063E-7	7.458063E-7	2.892617E-12	6.798047E+1
5.000000E-2	2.002812E-6	2.002812E-6	7.767925E-12	6.850391E+1
1.000000E-1	3.275258E-6	3.275258E-6	1.270312E-11	6.902734E+1
1.500000E-1	4.510111E-6	4.510111E-6	1.749251E-11	6.955078E+1
2.000000E-1	5.716913E-6	5.716913E-6	2.217310E-11	7.007422E+1
2.500000E-1	6.967009E-6	6.967009E-6	2.702161E-11	7.059766E+1
3.000000E-1	8.101040E-6	8.101040E-6	3.141996E-11	7.112109E+1
3.500000E-1	9.325074E-6	9.325074E-6	3.616739E-11	7.164453E+1
4.000000E-1	1.047418E-5	1.047418E-5	4.062422E-11	7.216797E+1
4.500000E-1	1.163670E-5	1.163670E-5	4.513304E-11	7.269141E+1
5.000000E-1	1.283531E-5	1.283531E-5	4.978186E-11	7.321484E+1
5.000000E-1	1.254204E-5	1.254204E-5	4.864442E-11	7.373828E+1
4.500000E-1	1.097939E-5	1.097939E-5	4.258367E-11	7.426172E+1
4.000000E-1	9.446791E-6	9.446791E-6	3.663947E-11	7.478516E+1
3.500000E-1	8.132683E-6	8.132683E-6	3.154269E-11	7.530859E+1
3.000000E-1	6.820522E-6	6.820522E-6	2.645346E-11	7.583203E+1
2.500000E-1	5.472868E-6	5.472868E-6	2.122657E-11	7.635547E+1
2.000000E-1	4.294706E-6	4.294706E-6	1.665706E-11	7.687891E+1
1.500000E-1	2.979897E-6	2.979897E-6	1.155756E-11	7.740234E+1
1.000000E-1	1.818256E-6	1.818256E-6	7.052123E-12	7.792578E+1
5.000000E-2	5.968847E-7	5.968847E-7	2.315023E-12	7.844922E+1
0.000000E+0	6.545641E-7	-6.545641E-7	-2.538733E-12	7.897266E+1
-5.000000E-2	1.792039E-6	-1.792039E-6	-6.950440E-12	7.949707E+1
-1.000000E-1	3.062751E-6	-3.062751E-6	-1.187891E-11	8.002051E+1
-1.500000E-1	4.167531E-6	-4.167531E-6	-1.616381E-11	8.054395E+1
-2.000000E-1	5.354709E-6	-5.354709E-6	-2.076829E-11	8.106738E+1
-2.500000E-1	6.510898E-6	-6.510898E-6	-2.525258E-11	8.159082E+1
-3.000000E-1	7.669686E-6	-7.669686E-6	-2.974695E-11	8.211426E+1
-3.500000E-1	8.844694E-6	-8.844694E-6	-3.430423E-11	8.263770E+1
-4.000000E-1	9.954272E-6	-9.954272E-6	-3.860774E-11	8.316113E+1
-4.500000E-1	1.114481E-5	-1.114481E-5	-4.322526E-11	8.368457E+1
-5.000000E-1	1.223135E-5	-1.223135E-5	-4.743940E-11	8.420801E+1
-5.000000E-1	1.204725E-5	-1.204725E-5	-4.672537E-11	8.473145E+1
-4.500000E-1	1.041012E-5	-1.041012E-5	-4.037574E-11	8.525488E+1
-4.000000E-1	8.969309E-6	-8.969309E-6	-3.478755E-11	8.577832E+1
-3.500000E-1	7.661268E-6	-7.661268E-6	-2.971430E-11	8.630176E+1
-3.000000E-1	6.344102E-6	-6.344102E-6	-2.460566E-11	8.682520E+1
-2.500000E-1	5.137185E-6	-5.137185E-6	-1.992462E-11	8.734863E+1
-2.000000E-1	3.884399E-6	-3.884399E-6	-1.506568E-11	8.787207E+1
-1.500000E-1	2.690727E-6	-2.690727E-6	-1.043601E-11	8.839551E+1
-1.000000E-1	1.498053E-6	-1.498053E-6	-5.810213E-12	8.891895E+1
-5.000000E-2	2.304026E-7	-2.304026E-7	-8.936185E-13	8.944238E+1
0.000000E+0	8.632296E-7	8.632296E-7	3.348044E-12	8.996582E+1
0.000000E+0	7.187019E-7	7.187019E-7	2.787492E-12	9.049023E+1
5.000000E-2	1.901211E-6	1.901211E-6	7.373865E-12	9.101367E+1
1.000000E-1	3.103819E-6	3.103819E-6	1.203819E-11	9.153711E+1
1.500000E-1	4.345922E-6	4.345922E-6	1.685570E-11	9.206055E+1
2.000000E-1	5.422601E-6	5.422601E-6	2.103161E-11	9.258398E+1
2.500000E-1	6.636137E-6	6.636137E-6	2.573832E-11	9.310742E+1
3.000000E-1	7.708629E-6	7.708629E-6	2.989799E-11	9.363086E+1
3.500000E-1	8.884477E-6	8.884477E-6	3.445853E-11	9.415430E+1
4.000000E-1	9.988094E-6	9.988094E-6	3.873892E-11	9.467773E+1
4.500000E-1	1.108515E-5	1.108515E-5	4.299386E-11	9.520117E+1
5.000000E-1	1.227139E-5	1.227139E-5	4.759470E-11	9.572461E+1
5.000000E-1	1.191552E-5	1.191552E-5	4.621446E-11	9.624805E+1
4.500000E-1	1.038332E-5	1.038332E-5	4.027179E-11	9.677148E+1
4.000000E-1	8.975443E-6	8.975443E-6	3.481134E-11	9.729492E+1
3.500000E-1	7.630398E-6	7.630398E-6	2.959457E-11	9.781836E+1
3.000000E-1	6.450233E-6	6.450233E-6	2.501729E-11	9.834180E+1
2.500000E-1	5.146426E-6	5.146426E-6	1.996046E-11	9.886523E+1
2.000000E-1	4.027609E-6	4.027609E-6	1.562112E-11	9.938867E+1
1.500000E-1	2.797067E-6	2.797067E-6	1.084845E-11	9.991211E+1
1.000000E-1	1.612410E-6	1.612410E-6	6.253748E-12	1.004355E+2
5.000000E-2	5.363787E-7	5.363787E-7	2.080350E-12	1.009590E+2
0.000000E+0	7.328140E-7	-7.328140E-7	-2.842226E-12	1.014824E+2
-5.000000E-2	1.784647E-6	-1.784647E-6	-6.921769E-12	1.020059E+2
-1.000000E-1	2.970964E-6	-2.970964E-6	-1.152291E-11	1.025293E+2
-1.500000E-1	4.049202E-6	-4.049202E-6	-1.570487E-11	1.030527E+2
-2.000000E-1	5.175813E-6	-5.175813E-6	-2.007444E-11	1.035762E+2
-2.500000E-1	6.326366E-6	-6.326366E-6	-2.453687E-11	1.040996E+2
-3.000000E-1	7.359583E-6	-7.359583E-6	-2.854421E-11	1.046230E+2
-3.500000E-1	8.528968E-6	-8.528968E-6	-3.307968E-11	1.051465E+2
-4.000000E-1	9.573549E-6	-9.573549E-6	-3.713110E-11	1.056699E+2
-4.500000E-1	1.074627E-5	-1.074627E-5	-4.167951E-11	1.061934E+2
-5.000000E-1	1.179786E-5	-1.179786E-5	-4.575811E-11	1.067168E+2
-5.000000E-1	1.151881E-5	-1.151881E-5	-4.467583E-11	1.072402E+2
-4.500000E-1	9.991614E-6	-9.991614E-6	-3.875257E-11	1.077637E+2
-4.000000E-1	8.567361E-6	-8.567361E-6	-3.322859E-11	1.082871E+2
-3.500000E-1	7.338579E-6	-7.338579E-6	-2.846275E-11	1.088105E+2
-3.000000E-1	6.107431E-6	-6.107431E-6	-2.368773E-11	1.093340E+2
-2.500000E-1	4.860334E-6	-4.860334E-6	-1.885085E-11	1.098574E+2
-2.000000E-1	3.727772E-6	-3.727772E-6	-1.445820E-11	1.103809E+2
-1.500000E-1	2.489977E-6	-2.489977E-6	-9.657400E-12	1.109043E+2
-1.000000E-1	1.410443E-6	-1.410443E-6	-5.470416E-12	1.114277E+2
-5.000000E-2	2.368933E-7	-2.368933E-7	-9.187928E-13	1.119512E+2
0.000000E+0	9.183005E-7	9.183005E-7	3.561637E-12	1.124746E+2
0.000000E+0	6.565607E-7	6.565607E-7	2.546477E-12	1.129990E+2
5.000000E-2	1.896435E-6	1.896435E-6	7.355339E-12	1.135225E+2
1.000000E-1	2.998711E-6	2.998711E-6	1.163053E-11	1.140459E+2
1.500000E-1	4.182885E-6	4.182885E-6	1.622336E-11	1.145693E+2
2.000000E-1	5.253356E-6	5.253356E-6	2.037519E-11	1.150928E+2
2.500000E-1	6.300585E-6	6.300585E-6	2.443688E-11	1.156162E+2
3.000000E-1	7.470398E-6	7.470398E-6	2.897401E-11	1.161396E+2
3.500000E-1	8.476529E-6	8.476529E-6	3.287630E-11	1.166631E+2
4.000000E-1	9.623573E-6	9.623573E-6	3.732512E-11	1.171865E+2
4.500000E-1	1.059681E-5	1.059681E-5	4.109982E-11	1.177100E+2
5.000000E-1	1.169351E-5	1.169351E-5	4.535339E-11	1.182334E+2
5.000000E-1	1.146151E-5	1.146151E-5	4.445356E-11	1.187568E+2
4.500000E-1	9.879502E-6	9.879502E-6	3.831774E-11	1.192803E+2
4.000000E-1	8.572368E-6	8.572368E-6	3.324801E-11	1.198037E+2
3.500000E-1	7.282808E-6	7.282808E-6	2.824644E-11	1.203271E+2
3.000000E-1	6.074555E-6	6.074555E-6	2.356022E-11	1.208506E+2
2.500000E-1	4.953599E-6	4.953599E-6	1.921258E-11	1.213740E+2
2.000000E-1	3.721775E-6	3.721775E-6	1.443494E-11	1.218975E+2
1.500000E-1	2.661048E-6	2.661048E-6	1.032090E-11	1.224209E+2
1.000000E-1	1.462494E-6	1.462494E-6	5.672296E-12	1.229443E+2
5.000000E-2	3.722466E-7	3.722466E-7	1.443762E-12	1.234678E+2
0.000000E+0	6.971544E-7	-6.971544E-7	-2.703920E-12	1.239912E+2
-5.000000E-2	1.849099E-6	-1.849099E-6	-7.171749E-12	1.245146E+2
-1.000000E-1	2.866818E-6	-2.866818E-6	-1.111898E-11	1.250381E+2
-1.500000E-1	4.017110E-6	-4.017110E-6	-1.558040E-11	1.255615E+2
-2.000000E-1	5.003033E-6	-5.003033E-6	-1.940431E-11	1.260850E+2
-2.500000E-1	6.122293E-6	-6.122293E-6	-2.374537E-11	1.266084E+2
-3.000000E-1	7.205366E-6	-7.205366E-6	-2.794608E-11	1.271318E+2
-3.500000E-1	8.193450E-6	-8.193450E-6	-3.177837E-11	1.276553E+2
-4.000000E-1	9.327320E-6	-9.327320E-6	-3.617610E-11	1.281787E+2
-4.500000E-1	1.030714E-5	-1.030714E-5	-3.997636E-11	1.287021E+2
-5.000000E-1	1.145267E-5	-1.145267E-5	-4.441929E-11	1.292256E+2
-5.000000E-1	1.115247E-5	-1.115247E-5	-4.325496E-11	1.297490E+2
-4.500000E-1	9.609070E-6	-9.609070E-6	-3.726887E-11	1.302725E+2
-4.000000E-1	8.286176E-6	-8.286176E-6	-3.213801E-11	1.307959E+2
-3.500000E-1	7.010683E-6	-7.010683E-6	-2.719100E-11	1.313193E+2
-3.000000E-1	5.884807E-6	-5.884807E-6	-2.282428E-11	1.318428E+2
-2.500000E-1	4.718888E-6	-4.718888E-6	-1.830225E-11	1.323662E+2
-2.000000E-1	3.515428E-6	-3.515428E-6	-1.363462E-11	1.328896E+2
-1.500000E-1	2.464400E-6	-2.464400E-6	-9.558201E-12	1.334131E+2
-1.000000E-1	1.278389E-6	-1.278389E-6	-4.958242E-12	1.339365E+2
-5.000000E-2	2.142151E-7	-2.142151E-7	-8.308354E-13	1.344600E+2
0.000000E+0	8.702392E-7	8.702392E-7	3.375231E-12	1.349834E+2
0.000000E+0	6.730488E-7	6.730488E-7	2.610426E-12	1.355078E+2
5.000000E-2	1.786740E-6	1.786740E-6	6.929887E-12	1.360313E+2
1.000000E-1	2.985351E-6	2.985351E-6	1.157871E-11	1.365547E+2
1.500000E-1	4.001022E-6	4.001022E-6	1.551800E-11	1.370781E+2
2.000000E-1	5.111178E-6	5.111178E-6	1.982375E-11	1.376016E+2
2.500000E-1	6.137242E-6	6.137242E-6	2.380335E-11	1.381250E+2
3.000000E-1	7.163484E-6	7.163484E-6	2.778364E-11	1.386484E+2
3.500000E-1	8.296816E-6	8.296816E-6	3.217928E-11	1.391719E+2
4.000000E-1	9.255032E-6	9.255032E-6	3.589573E-11	1.396953E+2
4.500000E-1	1.035280E-5	1.035280E-5	4.015342E-11	1.402187E+2
5.000000E-1	1.139873E-5	1.139873E-5	4.421007E-11	1.407422E+2
5.000000E-1	1.104913E-5	1.104913E-5	4.285414E-11	1.412656E+2
4.500000E-1	9.608436E-6	9.608436E-6	3.726641E-11	1.417891E+2
4.000000E-1	8.266310E-6	8.266310E-6	3.206096E-11	1.423125E+2
3.500000E-1	7.039423E-6	7.039423E-6	2.730247E-11	1.428359E+2
3.000000E-1	5.913282E-6	5.913282E-6	2.293472E-11	1.433594E+2
2.500000E-1	4.708193E-6	4.708193E-6	1.826077E-11	1.438828E+2
2.000000E-1	3.639127E-6	3.639127E-6	1.411439E-11	1.444063E+2
1.500000E-1	2.459431E-6	2.459431E-6	9.538925E-12	1.449297E+2
1.000000E-1	1.387969E-6	1.387969E-6	5.383249E-12	1.454531E+2
5.000000E-2	3.450135E-7	3.450135E-7	1.338138E-12	1.459766E+2
0.000000E+0	7.920607E-7	-7.920607E-7	-3.072015E-12	1.465000E+2
-5.000000E-2	1.772857E-6	-1.772857E-6	-6.876041E-12	1.470234E+2
-1.000000E-1	2.903200E-6	-2.903200E-6	-1.126009E-11	1.475469E+2
-1.500000E-1	3.923309E-6	-3.923309E-6	-1.521659E-11	1.480703E+2
-2.000000E-1	4.956053E-6	-4.956053E-6	-1.922210E-11	1.485937E+2
-2.500000E-1	6.040063E-6	-6.040063E-6	-2.342644E-11	1.491172E+2
-3.000000E-1	6.987607E-6	-6.987607E-6	-2.710150E-11	1.496406E+2
-3.500000E-1	8.110108E-6	-8.110108E-6	-3.145513E-11	1.501641E+2
-4.000000E-1	9.044779E-6	-9.044779E-6	-3.508026E-11	1.506875E+2
-4.500000E-1	1.017429E-5	-1.017429E-5	-3.946107E-11	1.512109E+2
-5.000000E-1	1.114955E-5	-1.114955E-5	-4.324364E-11	1.517344E+2
-5.000000E-1	1.085431E-5	-1.085431E-5	-4.209856E-11	1.522578E+2
-4.500000E-1	9.414359E-6	-9.414359E-6	-3.651368E-11	1.527813E+2
-4.000000E-1	8.081491E-6	-8.081491E-6	-3.134414E-11	1.533047E+2
-3.500000E-1	6.883928E-6	-6.883928E-6	-2.669938E-11	1.538281E+2
-3.000000E-1	5.731640E-6	-5.731640E-6	-2.223022E-11	1.543516E+2
-2.500000E-1	4.499623E-6	-4.499623E-6	-1.745183E-11	1.548750E+2
-2.000000E-1	3.464014E-6	-3.464014E-6	-1.343521E-11	1.553984E+2
-1.500000E-1	2.284503E-6	-2.284503E-6	-8.860468E-12	1.559219E+2
-1.000000E-1	1.234263E-6	-1.234263E-6	-4.787101E-12	1.564453E+2
-5.000000E-2	1.849389E-7	-1.849389E-7	-7.172873E-13	1.569687E+2
0.000000E+0	9.214994E-7	9.214994E-7	3.574044E-12	1.574922E+2
0.000000E+0	6.487534E-7	6.487534E-7	2.516196E-12	1.580166E+2
5.000000E-2	1.833660E-6	1.833660E-6	7.111867E-12	1.585400E+2
1.000000E-1	2.896030E-6	2.896030E-6	1.123228E-11	1.590635E+2
1.500000E-1	3.974004E-6	3.974004E-6	1.541321E-11	1.595869E+2
2.000000E-1	5.051061E-6	5.051061E-6	1.959059E-11	1.601104E+2
2.500000E-1	6.005895E-6	6.005895E-6	2.329392E-11	1.606338E+2
3.000000E-1	7.097085E-6	7.097085E-6	2.752611E-11	1.611572E+2
3.500000E-1	8.037931E-6	8.037931E-6	3.117519E-11	1.616807E+2
4.000000E-1	9.131214E-6	9.131214E-6	3.541550E-11	1.622041E+2
4.500000E-1	1.013677E-5	1.013677E-5	3.931554E-11	1.627275E+2
5.000000E-1	1.106839E-5	1.106839E-5	4.292885E-11	1.632510E+2
5.000000E-1	1.086241E-5	1.086241E-5	4.212997E-11	1.637744E+2
4.500000E-1	9.339513E-6	9.339513E-6	3.622339E-11	1.642979E+2
4.000000E-1	8.085034E-6	8.085034E-6	3.135788E-11	1.648213E+2
3.500000E-1	6.899362E-6	6.899362E-6	2.675924E-11	1.653447E+2
3.000000E-1	5.687654E-6	5.687654E-6	2.205962E-11	1.658682E+2
2.500000E-1	4.628804E-6	4.628804E-6	1.795286E-11	1.663916E+2
2.000000E-1	3.473785E-6	3.473785E-6	1.347311E-11	1.669150E+2
1.500000E-1	2.397000E-6	2.397000E-6	9.296786E-12	1.674385E+2
1.000000E-1	1.341625E-6	1.341625E-6	5.203504E-12	1.679619E+2
5.000000E-2	3.158231E-7	3.158231E-7	1.224923E-12	1.684854E+2
0.000000E+0	7.296009E-7	-7.296009E-7	-2.829764E-12	1.690088E+2
-5.000000E-2	1.850588E-6	-1.850588E-6	-7.177522E-12	1.695322E+2
-1.000000E-1	2.799656E-6	-2.799656E-6	-1.085849E-11	1.700557E+2
-1.500000E-1	3.882247E-6	-3.882247E-6	-1.505733E-11	1.705791E+2
-2.000000E-1	4.922004E-6	-4.922004E-6	-1.909004E-11	1.711025E+2
-2.500000E-1	5.826602E-6	-5.826602E-6	-2.259853E-11	1.716260E+2
-3.000000E-1	6.936866E-6	-6.936866E-6	-2.690470E-11	1.721494E+2
-3.500000E-1	7.855461E-6	-7.855461E-6	-3.046748E-11	1.726729E+2
-4.000000E-1	8.956227E-6	-8.956227E-6	-3.473681E-11	1.731963E+2
-4.500000E-1	9.942658E-6	-9.942658E-6	-3.856269E-11	1.737197E+2
-5.000000E-1	1.084328E-5	-1.084328E-5	-4.205578E-11	1.742432E+2
-5.000000E-1	1.065632E-5	-1.065632E-5	-4.133062E-11	1.747666E+2
-4.500000E-1	9.140666E-6	-9.140666E-6	-3.545216E-11	1.752900E+2
-4.000000E-1	7.891857E-6	-7.891857E-6	-3.060864E-11	1.758135E+2
-3.500000E-1	6.700141E-6	-6.700141E-6	-2.598656E-11	1.763369E+2
-3.000000E-1	5.507291E-6	-5.507291E-6	-2.136008E-11	1.768604E+2
-2.500000E-1	4.445414E-6	-4.445414E-6	-1.724158E-11	1.773838E+2
-2.000000E-1	3.300314E-6	-3.300314E-6	-1.280030E-11	1.779072E+2
-1.500000E-1	2.266137E-6	-2.266137E-6	-8.789233E-12	1.784307E+2
-1.000000E-1	1.191633E-6	-1.191633E-6	-4.621761E-12	1.789541E+2
-5.000000E-2	1.134587E-7	-1.134587E-7	-4.400508E-13	1.794775E+2
0.000000E+0	8.520479E-7	8.520479E-7	3.304676E-12	1.800010E+2
0.000000E+0	6.787559E-7	6.787559E-7	2.632561E-12	1.805254E+2
5.000000E-2	1.747005E-6	1.747005E-6	6.775774E-12	1.810488E+2
1.000000E-1	2.887609E-6	2.887609E-6	1.119962E-11	1.815723E+2
1.500000E-1	3.933529E-6	3.933529E-6	1.525623E-11	1.820957E+2
2.000000E-1	4.873890E-6	4.873890E-6	1.890343E-11	1.826191E+2
2.500000E-1	5.963606E-6	5.963606E-6	2.312990E-11	1.831426E+2
3.000000E-1	6.878544E-6	6.878544E-6	2.667850E-11	1.836660E+2
3.500000E-1	7.966728E-6	7.966728E-6	3.089903E-11	1.841895E+2
4.000000E-1	8.954530E-6	8.954530E-6	3.473023E-11	1.847129E+2
4.500000E-1	9.856341E-6	9.856341E-6	3.822791E-11	1.852363E+2
5.000000E-1	1.093345E-5	1.093345E-5	4.240550E-11	1.857598E+2
5.000000E-1	1.058208E-5	1.058208E-5	4.104271E-11	1.862832E+2
4.500000E-1	9.162997E-6	9.162997E-6	3.553877E-11	1.868066E+2
4.000000E-1	7.901463E-6	7.901463E-6	3.064590E-11	1.873301E+2
3.500000E-1	6.676028E-6	6.676028E-6	2.589304E-11	1.878535E+2
3.000000E-1	5.601531E-6	5.601531E-6	2.172559E-11	1.883770E+2
2.500000E-1	4.444708E-6	4.444708E-6	1.723884E-11	1.889004E+2
2.000000E-1	3.389495E-6	3.389495E-6	1.314619E-11	1.894238E+2
1.500000E-1	2.319251E-6	2.319251E-6	8.995235E-12	1.899473E+2
1.000000E-1	1.257052E-6	1.257052E-6	4.875489E-12	1.904707E+2
5.000000E-2	2.959717E-7	2.959717E-7	1.147929E-12	1.909941E+2
0.000000E+0	8.194978E-7	-8.194978E-7	-3.178430E-12	1.915176E+2
-5.000000E-2	1.752390E-6	-1.752390E-6	-6.796660E-12	1.920410E+2
-1.000000E-1	2.847785E-6	-2.847785E-6	-1.104516E-11	1.925645E+2
-1.500000E-1	3.852864E-6	-3.852864E-6	-1.494337E-11	1.930879E+2
-2.000000E-1	4.761174E-6	-4.761174E-6	-1.846626E-11	1.936113E+2
-2.500000E-1	5.849028E-6	-5.849028E-6	-2.268551E-11	1.941348E+2
-3.000000E-1	6.745509E-6	-6.745509E-6	-2.616252E-11	1.946582E+2
-3.500000E-1	7.838003E-6	-7.838003E-6	-3.039977E-11	1.951816E+2
-4.000000E-1	8.806938E-6	-8.806938E-6	-3.415779E-11	1.957051E+2
-4.500000E-1	9.694699E-6	-9.694699E-6	-3.760098E-11	1.962285E+2
-5.000000E-1	1.076692E-5	-1.076692E-5	-4.175962E-11	1.967520E+2
-5.000000E-1	1.039741E-5	-1.039741E-5	-4.032646E-11	1.972754E+2
-4.500000E-1	9.022004E-6	-9.022004E-6	-3.499193E-11	1.977988E+2
-4.000000E-1	7.739927E-6	-7.739927E-6	-3.001938E-11	1.983223E+2
-3.500000E-1	6.538117E-6	-6.538117E-6	-2.535815E-11	1.988457E+2
-3.000000E-1	5.462601E-6	-5.462601E-6	-2.118675E-11	1.993691E+2
-2.500000E-1	4.302276E-6	-4.302276E-6	-1.668642E-11	1.998926E+2
-2.000000E-1	3.277955E-6	-3.277955E-6	-1.271358E-11	2.004160E+2
-1.500000E-1	2.187894E-6	-2.187894E-6	-8.485768E-12	2.009395E+2
-1.000000E-1	1.130594E-6	-1.130594E-6	-4.385020E-12	2.014629E+2
-5.000000E-2	1.487569E-7	-1.487569E-7	-5.769552E-13	2.019863E+2
0.000000E+0	9.331389E-7	9.331389E-7	3.619188E-12	2.025098E+2
0.000000E+0	6.593301E-7	6.593301E-7	2.557218E-12	2.030342E+2
5.000000E-2	1.771547E-6	1.771547E-6	6.870962E-12	2.035576E+2
1.000000E-1	2.860302E-6	2.860302E-6	1.109371E-11	2.040811E+2
1.500000E-1	3.811547E-6	3.811547E-6	1.478312E-11	2.046045E+2
2.000000E-1	4.901344E-6	4.901344E-6	1.900991E-11	2.051279E+2
2.500000E-1	5.827102E-6	5.827102E-6	2.260047E-11	2.056514E+2
3.000000E-1	6.867241E-6	6.867241E-6	2.663466E-11	2.061748E+2
3.500000E-1	7.838493E-6	7.838493E-6	3.040167E-11	2.066982E+2
4.000000E-1	8.731594E-6	8.731594E-6	3.386557E-11	2.072217E+2
4.500000E-1	9.795938E-6	9.795938E-6	3.799364E-11	2.077451E+2
5.000000E-1	1.066133E-5	1.066133E-5	4.135008E-11	2.082686E+2
5.000000E-1	1.046464E-5	1.046464E-5	4.058720E-11	2.087920E+2
4.500000E-1	8.994115E-6	8.994115E-6	3.488376E-11	2.093154E+2
4.000000E-1	7.711529E-6	7.711529E-6	2.990924E-11	2.098389E+2
3.500000E-1	6.599069E-6	6.599069E-6	2.559455E-11	2.103623E+2
3.000000E-1	5.443829E-6	5.443829E-6	2.111394E-11	2.108857E+2
2.500000E-1	4.363202E-6	4.363202E-6	1.692272E-11	2.114092E+2
2.000000E-1	3.330983E-6	3.330983E-6	1.291925E-11	2.119326E+2
1.500000E-1	2.243627E-6	2.243627E-6	8.701928E-12	2.124561E+2
1.000000E-1	1.284146E-6	1.284146E-6	4.980572E-12	2.129795E+2
5.000000E-2	1.896191E-7	1.896191E-7	7.354395E-13	2.135029E+2
0.000000E+0	8.180199E-7	-8.180199E-7	-3.172698E-12	2.140264E+2
-5.000000E-2	1.760841E-6	-1.760841E-6	-6.829440E-12	2.145498E+2
-1.000000E-1	2.824067E-6	-2.824067E-6	-1.095317E-11	2.150732E+2
-1.500000E-1	3.720715E-6	-3.720715E-6	-1.443083E-11	2.155967E+2
-2.000000E-1	4.798250E-6	-4.798250E-6	-1.861006E-11	2.161201E+2
-2.500000E-1	5.759573E-6	-5.759573E-6	-2.233856E-11	2.166436E+2
-3.000000E-1	6.683885E-6	-6.683885E-6	-2.592351E-11	2.171670E+2
-3.500000E-1	7.709062E-6	-7.709062E-6	-2.989967E-11	2.176904E+2
-4.000000E-1	8.583862E-6	-8.583862E-6	-3.329259E-11	2.182139E+2
-4.500000E-1	9.654673E-6	-9.654673E-6	-3.744574E-11	2.187373E+2
-5.000000E-1	1.058786E-5	-1.058786E-5	-4.106511E-11	2.192607E+2
-5.000000E-1	1.029979E-5	-1.029979E-5	-3.994785E-11	2.197842E+2
-4.500000E-1	8.850684E-6	-8.850684E-6	-3.432746E-11	2.203076E+2
-4.000000E-1	7.567028E-6	-7.567028E-6	-2.934879E-11	2.208311E+2
-3.500000E-1	6.470945E-6	-6.470945E-6	-2.509762E-11	2.213545E+2
-3.000000E-1	5.319541E-6	-5.319541E-6	-2.063189E-11	2.218779E+2
-2.500000E-1	4.218430E-6	-4.218430E-6	-1.636122E-11	2.224014E+2
-2.000000E-1	3.194761E-6	-3.194761E-6	-1.239091E-11	2.229248E+2
-1.500000E-1	2.111268E-6	-2.111268E-6	-8.188575E-12	2.234482E+2
-1.000000E-1	1.109909E-6	-1.109909E-6	-4.304793E-12	2.239717E+2
-5.000000E-2	7.808183E-8	-7.808183E-8	-3.028411E-13	2.244951E+2
0.000000E+0	9.392505E-7	9.392505E-7	3.642892E-12	2.250186E+2
