voltage_YSR_1_31A	absJ_YSR_1_31A	J_YSR_1_31A	current_YSR_1_31A	time_YSR_1_31A
0.000000E+0	4.844998E-5	4.844998E-5	1.879137E-10	0.000000E+0
5.000000E-2	1.339406E-1	1.339406E-1	5.194900E-7	3.828125E-1
1.000000E-1	2.676165E-1	2.676165E-1	1.037953E-6	5.703125E-1
1.500000E-1	4.011420E-1	4.011420E-1	1.555833E-6	1.152344E+0
2.000000E-1	5.350184E-1	5.350184E-1	2.075074E-6	1.339844E+0
2.500000E-1	6.687879E-1	6.687879E-1	2.593900E-6	1.528320E+0
3.000000E-1	8.027110E-1	8.027110E-1	3.113322E-6	1.716797E+0
3.500000E-1	9.367397E-1	9.367397E-1	3.633154E-6	1.904297E+0
4.000000E-1	1.070899E+0	1.070899E+0	4.153491E-6	2.092773E+0
4.500000E-1	1.204572E+0	1.204572E+0	4.671942E-6	2.280273E+0
5.000000E-1	1.339239E+0	1.339239E+0	5.194250E-6	2.468750E+0
5.000000E-1	1.339522E+0	1.339522E+0	5.195349E-6	2.657227E+0
4.500000E-1	1.204652E+0	1.204652E+0	4.672254E-6	2.844727E+0
4.000000E-1	1.070853E+0	1.070853E+0	4.153314E-6	3.033203E+0
3.500000E-1	9.371866E-1	9.371866E-1	3.634887E-6	3.221680E+0
3.000000E-1	8.035319E-1	8.035319E-1	3.116506E-6	3.409180E+0
2.500000E-1	6.696820E-1	6.696820E-1	2.597368E-6	3.597656E+0
2.000000E-1	5.360276E-1	5.360276E-1	2.078988E-6	3.785156E+0
1.500000E-1	4.021524E-1	4.021524E-1	1.559752E-6	3.973633E+0
1.000000E-1	2.682484E-1	2.682484E-1	1.040404E-6	4.162109E+0
5.000000E-2	1.343201E-1	1.343201E-1	5.209619E-7	4.543945E+0
0.000000E+0	4.916141E-5	4.916141E-5	1.906730E-10	5.148438E+0
-5.000000E-2	1.338932E-1	-1.338932E-1	-5.193059E-7	5.531250E+0
-1.000000E-1	2.681919E-1	-2.681919E-1	-1.040185E-6	5.719727E+0
-1.500000E-1	4.028883E-1	-4.028883E-1	-1.562606E-6	6.300781E+0
-2.000000E-1	5.370458E-1	-5.370458E-1	-2.082937E-6	6.489258E+0
-2.500000E-1	6.711614E-1	-6.711614E-1	-2.603106E-6	6.676758E+0
-3.000000E-1	8.059282E-1	-8.059282E-1	-3.125800E-6	6.865234E+0
-3.500000E-1	9.406681E-1	-9.406681E-1	-3.648390E-6	7.053711E+0
-4.000000E-1	1.075391E+0	-1.075391E+0	-4.170913E-6	7.241211E+0
-4.500000E-1	1.209650E+0	-1.209650E+0	-4.691640E-6	7.429688E+0
-5.000000E-1	1.343968E+0	-1.343968E+0	-5.212593E-6	7.618164E+0
-5.000000E-1	1.344012E+0	-1.344012E+0	-5.212763E-6	7.805664E+0
-4.500000E-1	1.209347E+0	-1.209347E+0	-4.690462E-6	7.994141E+0
-4.000000E-1	1.076077E+0	-1.076077E+0	-4.173574E-6	8.181641E+0
-3.500000E-1	9.416341E-1	-9.416341E-1	-3.652137E-6	8.370117E+0
-3.000000E-1	8.069280E-1	-8.069280E-1	-3.129678E-6	8.558594E+0
-2.500000E-1	6.722889E-1	-6.722889E-1	-2.607479E-6	8.746094E+0
-2.000000E-1	5.380639E-1	-5.380639E-1	-2.086886E-6	8.934570E+0
-1.500000E-1	4.036602E-1	-4.036602E-1	-1.565600E-6	9.123047E+0
-1.000000E-1	2.689598E-1	-2.689598E-1	-1.043163E-6	9.310547E+0
-5.000000E-2	1.343391E-1	-1.343391E-1	-5.210354E-7	9.692383E+0
0.000000E+0	4.266990E-5	4.266990E-5	1.654956E-10	1.029785E+1
0.000000E+0	2.910729E-5	2.910729E-5	1.128929E-10	1.048730E+1
5.000000E-2	1.349754E-1	1.349754E-1	5.235032E-7	1.086914E+1
1.000000E-1	2.691619E-1	2.691619E-1	1.043947E-6	1.105762E+1
1.500000E-1	4.042839E-1	4.042839E-1	1.568019E-6	1.163867E+1
2.000000E-1	5.387779E-1	5.387779E-1	2.089655E-6	1.182715E+1
2.500000E-1	6.732973E-1	6.732973E-1	2.611390E-6	1.201465E+1
3.000000E-1	8.083552E-1	8.083552E-1	3.135213E-6	1.220312E+1
3.500000E-1	9.431659E-1	9.431659E-1	3.658078E-6	1.239160E+1
4.000000E-1	1.077673E+0	1.077673E+0	4.179763E-6	1.257910E+1
4.500000E-1	1.212533E+0	1.212533E+0	4.702821E-6	1.276758E+1
5.000000E-1	1.347145E+0	1.347145E+0	5.224913E-6	1.295508E+1
5.000000E-1	1.347400E+0	1.347400E+0	5.225904E-6	1.314355E+1
4.500000E-1	1.212160E+0	1.212160E+0	4.701376E-6	1.333203E+1
4.000000E-1	1.077766E+0	1.077766E+0	4.180125E-6	1.351953E+1
3.500000E-1	9.426307E-1	9.426307E-1	3.656002E-6	1.370801E+1
3.000000E-1	8.077549E-1	8.077549E-1	3.132885E-6	1.389551E+1
2.500000E-1	6.732841E-1	6.732841E-1	2.611339E-6	1.408398E+1
2.000000E-1	5.390140E-1	5.390140E-1	2.090571E-6	1.427246E+1
1.500000E-1	4.043543E-1	4.043543E-1	1.568292E-6	1.445996E+1
1.000000E-1	2.697126E-1	2.697126E-1	1.046083E-6	1.464844E+1
5.000000E-2	1.350459E-1	1.350459E-1	5.237769E-7	1.503027E+1
0.000000E+0	3.905629E-5	3.905629E-5	1.514802E-10	1.563477E+1
-5.000000E-2	1.342733E-1	-1.342733E-1	-5.207801E-7	1.601758E+1
-1.000000E-1	2.691513E-1	-2.691513E-1	-1.043906E-6	1.659961E+1
-1.500000E-1	4.038742E-1	-4.038742E-1	-1.566430E-6	1.678809E+1
-2.000000E-1	5.385066E-1	-5.385066E-1	-2.088603E-6	1.697559E+1
-2.500000E-1	6.729286E-1	-6.729286E-1	-2.609960E-6	1.716406E+1
-3.000000E-1	8.080099E-1	-8.080099E-1	-3.133874E-6	1.735156E+1
-3.500000E-1	9.432572E-1	-9.432572E-1	-3.658432E-6	1.754004E+1
-4.000000E-1	1.078660E+0	-1.078660E+0	-4.183593E-6	1.772852E+1
-4.500000E-1	1.213619E+0	-1.213619E+0	-4.707033E-6	1.791602E+1
-5.000000E-1	1.349042E+0	-1.349042E+0	-5.232271E-6	1.810449E+1
-5.000000E-1	1.348913E+0	-1.348913E+0	-5.231771E-6	1.829297E+1
-4.500000E-1	1.214304E+0	-1.214304E+0	-4.709690E-6	1.848047E+1
-4.000000E-1	1.079998E+0	-1.079998E+0	-4.188784E-6	1.866895E+1
-3.500000E-1	9.444907E-1	-9.444907E-1	-3.663216E-6	1.885645E+1
-3.000000E-1	8.094259E-1	-8.094259E-1	-3.139366E-6	1.904492E+1
-2.500000E-1	6.748203E-1	-6.748203E-1	-2.617297E-6	1.923340E+1
-2.000000E-1	5.405546E-1	-5.405546E-1	-2.096546E-6	1.942090E+1
-1.500000E-1	4.053320E-1	-4.053320E-1	-1.572084E-6	1.960938E+1
-1.000000E-1	2.700999E-1	-2.700999E-1	-1.047585E-6	1.979785E+1
-5.000000E-2	1.347993E-1	-1.347993E-1	-5.228204E-7	2.017871E+1
0.000000E+0	4.296166E-5	4.296166E-5	1.666272E-10	2.078418E+1
0.000000E+0	3.079456E-5	3.079456E-5	1.194370E-10	2.097363E+1
5.000000E-2	1.355926E-1	1.355926E-1	5.258970E-7	2.135547E+1
1.000000E-1	2.706364E-1	2.706364E-1	1.049666E-6	2.193750E+1
1.500000E-1	4.057002E-1	4.057002E-1	1.573512E-6	2.212500E+1
2.000000E-1	5.406164E-1	5.406164E-1	2.096786E-6	2.231348E+1
2.500000E-1	6.751143E-1	6.751143E-1	2.618437E-6	2.250195E+1
3.000000E-1	8.107813E-1	8.107813E-1	3.144623E-6	2.268945E+1
3.500000E-1	9.459252E-1	9.459252E-1	3.668780E-6	2.287793E+1
4.000000E-1	1.081019E+0	1.081019E+0	4.192742E-6	2.306641E+1
4.500000E-1	1.215843E+0	1.215843E+0	4.715660E-6	2.325391E+1
5.000000E-1	1.350454E+0	1.350454E+0	5.237748E-6	2.344238E+1
5.000000E-1	1.351455E+0	1.351455E+0	5.241631E-6	2.362988E+1
4.500000E-1	1.216607E+0	1.216607E+0	4.718620E-6	2.381836E+1
4.000000E-1	1.081772E+0	1.081772E+0	4.195663E-6	2.400684E+1
3.500000E-1	9.468215E-1	9.468215E-1	3.672256E-6	2.419434E+1
3.000000E-1	8.117469E-1	8.117469E-1	3.148368E-6	2.438281E+1
2.500000E-1	6.766852E-1	6.766852E-1	2.624530E-6	2.457129E+1
2.000000E-1	5.412670E-1	5.412670E-1	2.099309E-6	2.475879E+1
1.500000E-1	4.065077E-1	4.065077E-1	1.576644E-6	2.494727E+1
1.000000E-1	2.711387E-1	2.711387E-1	1.051614E-6	2.513477E+1
5.000000E-2	1.357881E-1	1.357881E-1	5.266555E-7	2.551660E+1
0.000000E+0	3.540146E-5	3.540146E-5	1.373049E-10	2.612207E+1
-5.000000E-2	1.349969E-1	-1.349969E-1	-5.235866E-7	2.650488E+1
-1.000000E-1	2.704926E-1	-2.704926E-1	-1.049108E-6	2.708594E+1
-1.500000E-1	4.059567E-1	-4.059567E-1	-1.574507E-6	2.727441E+1
-2.000000E-1	5.410540E-1	-5.410540E-1	-2.098483E-6	2.746289E+1
-2.500000E-1	6.763353E-1	-6.763353E-1	-2.623173E-6	2.765039E+1
-3.000000E-1	8.120282E-1	-8.120282E-1	-3.149459E-6	2.783887E+1
-3.500000E-1	9.477656E-1	-9.477656E-1	-3.675918E-6	2.802637E+1
-4.000000E-1	1.083129E+0	-1.083129E+0	-4.200926E-6	2.821484E+1
-4.500000E-1	1.218096E+0	-1.218096E+0	-4.724397E-6	2.840332E+1
-5.000000E-1	1.353658E+0	-1.353658E+0	-5.250174E-6	2.859082E+1
-5.000000E-1	1.354682E+0	-1.354682E+0	-5.254146E-6	2.877930E+1
-4.500000E-1	1.218668E+0	-1.218668E+0	-4.726614E-6	2.896777E+1
-4.000000E-1	1.082989E+0	-1.082989E+0	-4.200382E-6	2.915527E+1
-3.500000E-1	9.476143E-1	-9.476143E-1	-3.675331E-6	2.934375E+1
-3.000000E-1	8.122135E-1	-8.122135E-1	-3.150178E-6	2.953125E+1
-2.500000E-1	6.767368E-1	-6.767368E-1	-2.624730E-6	2.971973E+1
-2.000000E-1	5.414436E-1	-5.414436E-1	-2.099994E-6	2.990820E+1
-1.500000E-1	4.059549E-1	-4.059549E-1	-1.574500E-6	3.009570E+1
-1.000000E-1	2.705199E-1	-2.705199E-1	-1.049214E-6	3.028418E+1
-5.000000E-2	1.350336E-1	-1.350336E-1	-5.237291E-7	3.066602E+1
0.000000E+0	3.584774E-5	3.584774E-5	1.390358E-10	3.127051E+1
0.000000E+0	3.394830E-5	3.394830E-5	1.316688E-10	3.145996E+1
5.000000E-2	1.358745E-1	1.358745E-1	5.269907E-7	3.184277E+1
1.000000E-1	2.714151E-1	2.714151E-1	1.052686E-6	3.242383E+1
1.500000E-1	4.069788E-1	4.069788E-1	1.578471E-6	3.261230E+1
2.000000E-1	5.422225E-1	5.422225E-1	2.103015E-6	3.279980E+1
2.500000E-1	6.774491E-1	6.774491E-1	2.627493E-6	3.298828E+1
3.000000E-1	8.130629E-1	8.130629E-1	3.153472E-6	3.317676E+1
3.500000E-1	9.489671E-1	9.489671E-1	3.680578E-6	3.336426E+1
4.000000E-1	1.084079E+0	1.084079E+0	4.204610E-6	3.355273E+1
4.500000E-1	1.219544E+0	1.219544E+0	4.730012E-6	3.374023E+1
5.000000E-1	1.354973E+0	1.354973E+0	5.255274E-6	3.392871E+1
5.000000E-1	1.353610E+0	1.353610E+0	5.249990E-6	3.411719E+1
4.500000E-1	1.217806E+0	1.217806E+0	4.723272E-6	3.430469E+1
4.000000E-1	1.082859E+0	1.082859E+0	4.199878E-6	3.449316E+1
3.500000E-1	9.477110E-1	9.477110E-1	3.675706E-6	3.468164E+1
3.000000E-1	8.122272E-1	8.122272E-1	3.150231E-6	3.486914E+1
2.500000E-1	6.767144E-1	6.767144E-1	2.624643E-6	3.505762E+1
2.000000E-1	5.416398E-1	5.416398E-1	2.100755E-6	3.524512E+1
1.500000E-1	4.064613E-1	4.064613E-1	1.576464E-6	3.543359E+1
1.000000E-1	2.712944E-1	2.712944E-1	1.052218E-6	3.562207E+1
5.000000E-2	1.357564E-1	1.357564E-1	5.265325E-7	3.600391E+1
0.000000E+0	3.502923E-5	3.502923E-5	1.358612E-10	3.660840E+1
-5.000000E-2	1.350009E-1	-1.350009E-1	-5.236022E-7	3.699121E+1
-1.000000E-1	2.697320E-1	-2.697320E-1	-1.046158E-6	3.717969E+1
-1.500000E-1	4.061694E-1	-4.061694E-1	-1.575332E-6	3.776074E+1
-2.000000E-1	5.414420E-1	-5.414420E-1	-2.099988E-6	3.794922E+1
-2.500000E-1	6.768342E-1	-6.768342E-1	-2.625108E-6	3.813770E+1
-3.000000E-1	8.125343E-1	-8.125343E-1	-3.151422E-6	3.832520E+1
-3.500000E-1	9.480678E-1	-9.480678E-1	-3.677090E-6	3.851367E+1
-4.000000E-1	1.084121E+0	-1.084121E+0	-4.204775E-6	3.870117E+1
-4.500000E-1	1.219391E+0	-1.219391E+0	-4.729419E-6	3.888965E+1
-5.000000E-1	1.354256E+0	-1.354256E+0	-5.252493E-6	3.907812E+1
-5.000000E-1	1.354100E+0	-1.354100E+0	-5.251891E-6	3.926563E+1
-4.500000E-1	1.218221E+0	-1.218221E+0	-4.724880E-6	3.945410E+1
-4.000000E-1	1.083069E+0	-1.083069E+0	-4.200695E-6	3.964160E+1
-3.500000E-1	9.472598E-1	-9.472598E-1	-3.673956E-6	3.983008E+1
-3.000000E-1	8.116250E-1	-8.116250E-1	-3.147895E-6	4.001855E+1
-2.500000E-1	6.764423E-1	-6.764423E-1	-2.623588E-6	4.020605E+1
-2.000000E-1	5.414028E-1	-5.414028E-1	-2.099836E-6	4.039453E+1
-1.500000E-1	4.061674E-1	-4.061674E-1	-1.575324E-6	4.058301E+1
-1.000000E-1	2.707336E-1	-2.707336E-1	-1.050043E-6	4.077051E+1
-5.000000E-2	1.350805E-1	-1.350805E-1	-5.239112E-7	4.115234E+1
0.000000E+0	3.360634E-5	3.360634E-5	1.303425E-10	4.175781E+1
0.000000E+0	3.841641E-5	3.841641E-5	1.489984E-10	4.194727E+1
5.000000E-2	1.359430E-1	1.359430E-1	5.272562E-7	4.232910E+1
1.000000E-1	2.714602E-1	2.714602E-1	1.052861E-6	4.291016E+1
1.500000E-1	4.069924E-1	4.069924E-1	1.578524E-6	4.309863E+1
2.000000E-1	5.424182E-1	5.424182E-1	2.103774E-6	4.328711E+1
2.500000E-1	6.780045E-1	6.780045E-1	2.629647E-6	4.347461E+1
3.000000E-1	8.138931E-1	8.138931E-1	3.156692E-6	4.366309E+1
3.500000E-1	9.495395E-1	9.495395E-1	3.682798E-6	4.385059E+1
4.000000E-1	1.085645E+0	1.085645E+0	4.210685E-6	4.403906E+1
4.500000E-1	1.220676E+0	1.220676E+0	4.734404E-6	4.422754E+1
5.000000E-1	1.356802E+0	1.356802E+0	5.262368E-6	4.441504E+1
5.000000E-1	1.357670E+0	1.357670E+0	5.265737E-6	4.460352E+1
4.500000E-1	1.221932E+0	1.221932E+0	4.739273E-6	4.479102E+1
4.000000E-1	1.085714E+0	1.085714E+0	4.210952E-6	4.497949E+1
3.500000E-1	9.499312E-1	9.499312E-1	3.684317E-6	4.516797E+1
3.000000E-1	8.142623E-1	8.142623E-1	3.158124E-6	4.535547E+1
2.500000E-1	6.785563E-1	6.785563E-1	2.631787E-6	4.554395E+1
2.000000E-1	5.433402E-1	5.433402E-1	2.107350E-6	4.573145E+1
1.500000E-1	4.075372E-1	4.075372E-1	1.580637E-6	4.591992E+1
1.000000E-1	2.718423E-1	2.718423E-1	1.054343E-6	4.610840E+1
5.000000E-2	1.361612E-1	1.361612E-1	5.281026E-7	4.649023E+1
0.000000E+0	4.216865E-5	4.216865E-5	1.635515E-10	4.709473E+1
-5.000000E-2	1.353409E-1	-1.353409E-1	-5.249211E-7	4.747754E+1
-1.000000E-1	2.699413E-1	-2.699413E-1	-1.046970E-6	4.766602E+1
-1.500000E-1	4.069396E-1	-4.069396E-1	-1.578319E-6	4.824707E+1
-2.000000E-1	5.424586E-1	-5.424586E-1	-2.103931E-6	4.843555E+1
-2.500000E-1	6.784518E-1	-6.784518E-1	-2.631382E-6	4.862305E+1
-3.000000E-1	8.140094E-1	-8.140094E-1	-3.157143E-6	4.881152E+1
-3.500000E-1	9.500792E-1	-9.500792E-1	-3.684891E-6	4.900000E+1
-4.000000E-1	1.086213E+0	-1.086213E+0	-4.212886E-6	4.918750E+1
-4.500000E-1	1.222062E+0	-1.222062E+0	-4.739778E-6	4.937598E+1
-5.000000E-1	1.357115E+0	-1.357115E+0	-5.263585E-6	4.956445E+1
-5.000000E-1	1.357389E+0	-1.357389E+0	-5.264647E-6	4.975195E+1
-4.500000E-1	1.222853E+0	-1.222853E+0	-4.742847E-6	4.994043E+1
-4.000000E-1	1.086855E+0	-1.086855E+0	-4.215378E-6	5.012793E+1
-3.500000E-1	9.505548E-1	-9.505548E-1	-3.686736E-6	5.031641E+1
-3.000000E-1	8.148976E-1	-8.148976E-1	-3.160588E-6	5.050488E+1
-2.500000E-1	6.787847E-1	-6.787847E-1	-2.632673E-6	5.069238E+1
-2.000000E-1	5.432605E-1	-5.432605E-1	-2.107041E-6	5.088086E+1
-1.500000E-1	4.074302E-1	-4.074302E-1	-1.580222E-6	5.106934E+1
-1.000000E-1	2.717000E-1	-2.717000E-1	-1.053791E-6	5.125684E+1
-5.000000E-2	1.356457E-1	-1.356457E-1	-5.261032E-7	5.163867E+1
0.000000E+0	3.888831E-5	3.888831E-5	1.508287E-10	5.224414E+1
0.000000E+0	3.673305E-5	3.673305E-5	1.424695E-10	5.243359E+1
5.000000E-2	1.365163E-1	1.365163E-1	5.294796E-7	5.281543E+1
1.000000E-1	2.726233E-1	2.726233E-1	1.057372E-6	5.339746E+1
1.500000E-1	4.086949E-1	4.086949E-1	1.585127E-6	5.358496E+1
2.000000E-1	5.446383E-1	5.446383E-1	2.112385E-6	5.377344E+1
2.500000E-1	6.806689E-1	6.806689E-1	2.639981E-6	5.396094E+1
3.000000E-1	8.168091E-1	8.168091E-1	3.168002E-6	5.414941E+1
3.500000E-1	9.532621E-1	9.532621E-1	3.697236E-6	5.433789E+1
4.000000E-1	1.089679E+0	1.089679E+0	4.226332E-6	5.452539E+1
4.500000E-1	1.225828E+0	1.225828E+0	4.754386E-6	5.471387E+1
5.000000E-1	1.362163E+0	1.362163E+0	5.283163E-6	5.490137E+1
5.000000E-1	1.362975E+0	1.362975E+0	5.286312E-6	5.508984E+1
4.500000E-1	1.226177E+0	1.226177E+0	4.755738E-6	5.527832E+1
4.000000E-1	1.089888E+0	1.089888E+0	4.227139E-6	5.546582E+1
3.500000E-1	9.540874E-1	9.540874E-1	3.700437E-6	5.565430E+1
3.000000E-1	8.176744E-1	8.176744E-1	3.171358E-6	5.584277E+1
2.500000E-1	6.812445E-1	6.812445E-1	2.642213E-6	5.603027E+1
2.000000E-1	5.450313E-1	5.450313E-1	2.113909E-6	5.621875E+1
1.500000E-1	4.090948E-1	4.090948E-1	1.586678E-6	5.640625E+1
1.000000E-1	2.728365E-1	2.728365E-1	1.058199E-6	5.659473E+1
5.000000E-2	1.365525E-1	1.365525E-1	5.296203E-7	5.697656E+1
0.000000E+0	5.190321E-5	5.190321E-5	2.013071E-10	5.758203E+1
-5.000000E-2	1.357349E-1	-1.357349E-1	-5.264491E-7	5.796387E+1
-1.000000E-1	2.721185E-1	-2.721185E-1	-1.055414E-6	5.854590E+1
-1.500000E-1	4.083009E-1	-4.083009E-1	-1.583599E-6	5.873437E+1
-2.000000E-1	5.444375E-1	-5.444375E-1	-2.111606E-6	5.892188E+1
-2.500000E-1	6.803142E-1	-6.803142E-1	-2.638605E-6	5.911035E+1
-3.000000E-1	8.166315E-1	-8.166315E-1	-3.167313E-6	5.929883E+1
-3.500000E-1	9.527946E-1	-9.527946E-1	-3.695423E-6	5.948633E+1
-4.000000E-1	1.089409E+0	-1.089409E+0	-4.225284E-6	5.967480E+1
-4.500000E-1	1.224987E+0	-1.224987E+0	-4.751125E-6	5.986230E+1
-5.000000E-1	1.360457E+0	-1.360457E+0	-5.276547E-6	6.005078E+1
-5.000000E-1	1.361032E+0	-1.361032E+0	-5.278774E-6	6.023926E+1
-4.500000E-1	1.224969E+0	-1.224969E+0	-4.751052E-6	6.042676E+1
-4.000000E-1	1.088680E+0	-1.088680E+0	-4.222456E-6	6.061523E+1
-3.500000E-1	9.524252E-1	-9.524252E-1	-3.693990E-6	6.080371E+1
-3.000000E-1	8.163448E-1	-8.163448E-1	-3.166201E-6	6.099121E+1
-2.500000E-1	6.800496E-1	-6.800496E-1	-2.637579E-6	6.117969E+1
-2.000000E-1	5.441108E-1	-5.441108E-1	-2.110339E-6	6.136719E+1
-1.500000E-1	4.084120E-1	-4.084120E-1	-1.584030E-6	6.155566E+1
-1.000000E-1	2.720514E-1	-2.720514E-1	-1.055154E-6	6.174414E+1
-5.000000E-2	1.358163E-1	-1.358163E-1	-5.267647E-7	6.212598E+1
0.000000E+0	4.263813E-5	4.263813E-5	1.653724E-10	6.273047E+1
0.000000E+0	2.900751E-5	2.900751E-5	1.125059E-10	6.291992E+1
5.000000E-2	1.365997E-1	1.365997E-1	5.298034E-7	6.330176E+1
1.000000E-1	2.705619E-1	2.705619E-1	1.049377E-6	6.349023E+1
1.500000E-1	4.094485E-1	4.094485E-1	1.588050E-6	6.407227E+1
2.000000E-1	5.454248E-1	5.454248E-1	2.115435E-6	6.425977E+1
2.500000E-1	6.814700E-1	6.814700E-1	2.643088E-6	6.444824E+1
3.000000E-1	8.178691E-1	8.178691E-1	3.172113E-6	6.463574E+1
3.500000E-1	9.541637E-1	9.541637E-1	3.700733E-6	6.482422E+1
4.000000E-1	1.090401E+0	1.090401E+0	4.229129E-6	6.501270E+1
4.500000E-1	1.226143E+0	1.226143E+0	4.755606E-6	6.520020E+1
5.000000E-1	1.362108E+0	1.362108E+0	5.282949E-6	6.538867E+1
5.000000E-1	1.361743E+0	1.361743E+0	5.281533E-6	6.557715E+1
4.500000E-1	1.225983E+0	1.225983E+0	4.754987E-6	6.576465E+1
4.000000E-1	1.090143E+0	1.090143E+0	4.228131E-6	6.595313E+1
3.500000E-1	9.534751E-1	9.534751E-1	3.698062E-6	6.614063E+1
3.000000E-1	8.174042E-1	8.174042E-1	3.170310E-6	6.632910E+1
2.500000E-1	6.813014E-1	6.813014E-1	2.642434E-6	6.651758E+1
2.000000E-1	5.454028E-1	5.454028E-1	2.115350E-6	6.670508E+1
1.500000E-1	4.092407E-1	4.092407E-1	1.587244E-6	6.689355E+1
1.000000E-1	2.729984E-1	2.729984E-1	1.058827E-6	6.708105E+1
5.000000E-2	1.366960E-1	1.366960E-1	5.301769E-7	6.746289E+1
0.000000E+0	3.783665E-5	3.783665E-5	1.467498E-10	6.806836E+1
-5.000000E-2	1.359066E-1	-1.359066E-1	-5.271152E-7	6.845117E+1
-1.000000E-1	2.721956E-1	-2.721956E-1	-1.055713E-6	6.903223E+1
-1.500000E-1	4.083809E-1	-4.083809E-1	-1.583909E-6	6.922070E+1
-2.000000E-1	5.442978E-1	-5.442978E-1	-2.111064E-6	6.940820E+1
-2.500000E-1	6.804207E-1	-6.804207E-1	-2.639018E-6	6.959668E+1
-3.000000E-1	8.166557E-1	-8.166557E-1	-3.167407E-6	6.978516E+1
-3.500000E-1	9.526283E-1	-9.526283E-1	-3.694778E-6	6.997266E+1
-4.000000E-1	1.089201E+0	-1.089201E+0	-4.224475E-6	7.016113E+1
-4.500000E-1	1.224747E+0	-1.224747E+0	-4.750192E-6	7.034961E+1
-5.000000E-1	1.360854E+0	-1.360854E+0	-5.278086E-6	7.053711E+1
-5.000000E-1	1.360552E+0	-1.360552E+0	-5.276915E-6	7.072559E+1
-4.500000E-1	1.224733E+0	-1.224733E+0	-4.750137E-6	7.091309E+1
-4.000000E-1	1.088708E+0	-1.088708E+0	-4.222563E-6	7.110156E+1
-3.500000E-1	9.522677E-1	-9.522677E-1	-3.693379E-6	7.129004E+1
-3.000000E-1	8.154885E-1	-8.154885E-1	-3.162880E-6	7.147754E+1
-2.500000E-1	6.799888E-1	-6.799888E-1	-2.637343E-6	7.166602E+1
-2.000000E-1	5.440652E-1	-5.440652E-1	-2.110162E-6	7.185449E+1
-1.500000E-1	4.081403E-1	-4.081403E-1	-1.582976E-6	7.204199E+1
-1.000000E-1	2.721254E-1	-2.721254E-1	-1.055441E-6	7.223047E+1
-5.000000E-2	1.358352E-1	-1.358352E-1	-5.268382E-7	7.261230E+1
0.000000E+0	3.483137E-5	3.483137E-5	1.350938E-10	7.321680E+1
0.000000E+0	3.588252E-5	3.588252E-5	1.391707E-10	7.340625E+1
5.000000E-2	1.366723E-1	1.366723E-1	5.300847E-7	7.378809E+1
1.000000E-1	2.726393E-1	2.726393E-1	1.057434E-6	7.437012E+1
1.500000E-1	4.088034E-1	4.088034E-1	1.585548E-6	7.455859E+1
2.000000E-1	5.448284E-1	5.448284E-1	2.113122E-6	7.474609E+1
2.500000E-1	6.809160E-1	6.809160E-1	2.640939E-6	7.493457E+1
3.000000E-1	8.172510E-1	8.172510E-1	3.169716E-6	7.512207E+1
3.500000E-1	9.535865E-1	9.535865E-1	3.698494E-6	7.531055E+1
4.000000E-1	1.089571E+0	1.089571E+0	4.225912E-6	7.549902E+1
4.500000E-1	1.225934E+0	1.225934E+0	4.754797E-6	7.568652E+1
5.000000E-1	1.361602E+0	1.361602E+0	5.280987E-6	7.587500E+1
5.000000E-1	1.362183E+0	1.362183E+0	5.283238E-6	7.606348E+1
4.500000E-1	1.225542E+0	1.225542E+0	4.753277E-6	7.625098E+1
4.000000E-1	1.089865E+0	1.089865E+0	4.227053E-6	7.643945E+1
3.500000E-1	9.534240E-1	9.534240E-1	3.697864E-6	7.662695E+1
3.000000E-1	8.174050E-1	8.174050E-1	3.170313E-6	7.681543E+1
2.500000E-1	6.810121E-1	6.810121E-1	2.641312E-6	7.700391E+1
2.000000E-1	5.449766E-1	5.449766E-1	2.113697E-6	7.719141E+1
1.500000E-1	4.090491E-1	4.090491E-1	1.586501E-6	7.737988E+1
1.000000E-1	2.727471E-1	2.727471E-1	1.057852E-6	7.756738E+1
5.000000E-2	1.366804E-1	1.366804E-1	5.301163E-7	7.794922E+1
0.000000E+0	3.914011E-5	3.914011E-5	1.518053E-10	7.855469E+1
-5.000000E-2	1.358853E-1	-1.358853E-1	-5.270325E-7	7.893750E+1
-1.000000E-1	2.704008E-1	-2.704008E-1	-1.048752E-6	7.912500E+1
-1.500000E-1	4.087457E-1	-4.087457E-1	-1.585324E-6	7.970703E+1
-2.000000E-1	5.448005E-1	-5.448005E-1	-2.113014E-6	7.989551E+1
-2.500000E-1	6.809894E-1	-6.809894E-1	-2.641224E-6	8.008301E+1
-3.000000E-1	8.174452E-1	-8.174452E-1	-3.170469E-6	8.027148E+1
-3.500000E-1	9.539850E-1	-9.539850E-1	-3.700040E-6	8.045996E+1
-4.000000E-1	1.090109E+0	-1.090109E+0	-4.227998E-6	8.064746E+1
-4.500000E-1	1.226146E+0	-1.226146E+0	-4.755620E-6	8.083594E+1
-5.000000E-1	1.362670E+0	-1.362670E+0	-5.285127E-6	8.102344E+1
-5.000000E-1	1.362238E+0	-1.362238E+0	-5.283454E-6	8.121191E+1
-4.500000E-1	1.226521E+0	-1.226521E+0	-4.757073E-6	8.140039E+1
-4.000000E-1	1.090256E+0	-1.090256E+0	-4.228569E-6	8.158789E+1
-3.500000E-1	9.535642E-1	-9.535642E-1	-3.698408E-6	8.177637E+1
-3.000000E-1	8.173545E-1	-8.173545E-1	-3.170117E-6	8.196484E+1
-2.500000E-1	6.809515E-1	-6.809515E-1	-2.641077E-6	8.215234E+1
-2.000000E-1	5.448570E-1	-5.448570E-1	-2.113233E-6	8.234082E+1
-1.500000E-1	4.088942E-1	-4.088942E-1	-1.585900E-6	8.252832E+1
-1.000000E-1	2.724606E-1	-2.724606E-1	-1.056741E-6	8.271680E+1
-5.000000E-2	1.359900E-1	-1.359900E-1	-5.274383E-7	8.309863E+1
0.000000E+0	3.554799E-5	3.554799E-5	1.378732E-10	8.370410E+1
0.000000E+0	3.770843E-5	3.770843E-5	1.462525E-10	8.389258E+1
5.000000E-2	1.367557E-1	1.367557E-1	5.304083E-7	8.427539E+1
1.000000E-1	2.731947E-1	2.731947E-1	1.059588E-6	8.485645E+1
1.500000E-1	4.095664E-1	4.095664E-1	1.588507E-6	8.504492E+1
2.000000E-1	5.462988E-1	5.462988E-1	2.118825E-6	8.523242E+1
2.500000E-1	6.824864E-1	6.824864E-1	2.647030E-6	8.542090E+1
3.000000E-1	8.186617E-1	8.186617E-1	3.175187E-6	8.560937E+1
3.500000E-1	9.556295E-1	9.556295E-1	3.706418E-6	8.579688E+1
4.000000E-1	1.091866E+0	1.091866E+0	4.234812E-6	8.598535E+1
4.500000E-1	1.228038E+0	1.228038E+0	4.762957E-6	8.617285E+1
5.000000E-1	1.364354E+0	1.364354E+0	5.291658E-6	8.636133E+1
5.000000E-1	1.364804E+0	1.364804E+0	5.293407E-6	8.654980E+1
4.500000E-1	1.228561E+0	1.228561E+0	4.764985E-6	8.673730E+1
4.000000E-1	1.092866E+0	1.092866E+0	4.238692E-6	8.692578E+1
3.500000E-1	9.559954E-1	9.559954E-1	3.707837E-6	8.711328E+1
3.000000E-1	8.194040E-1	8.194040E-1	3.178066E-6	8.730176E+1
2.500000E-1	6.823180E-1	6.823180E-1	2.646377E-6	8.749023E+1
2.000000E-1	5.460412E-1	5.460412E-1	2.117826E-6	8.767773E+1
1.500000E-1	4.095656E-1	4.095656E-1	1.588504E-6	8.786621E+1
1.000000E-1	2.731531E-1	2.731531E-1	1.059427E-6	8.805371E+1
5.000000E-2	1.368407E-1	1.368407E-1	5.307381E-7	8.843555E+1
0.000000E+0	4.953496E-5	4.953496E-5	1.921218E-10	8.904102E+1
-5.000000E-2	1.361845E-1	-1.361845E-1	-5.281930E-7	8.942383E+1
-1.000000E-1	2.705454E-1	-2.705454E-1	-1.049313E-6	8.961133E+1
-1.500000E-1	4.092802E-1	-4.092802E-1	-1.587397E-6	9.019336E+1
-2.000000E-1	5.454830E-1	-5.454830E-1	-2.115661E-6	9.038184E+1
-2.500000E-1	6.811364E-1	-6.811364E-1	-2.641794E-6	9.056934E+1
-3.000000E-1	8.177461E-1	-8.177461E-1	-3.171636E-6	9.075781E+1
-3.500000E-1	9.542744E-1	-9.542744E-1	-3.701162E-6	9.094629E+1
-4.000000E-1	1.090900E+0	-1.090900E+0	-4.231065E-6	9.113379E+1
-4.500000E-1	1.227704E+0	-1.227704E+0	-4.761662E-6	9.132227E+1
-5.000000E-1	1.363799E+0	-1.363799E+0	-5.289507E-6	9.150977E+1
-5.000000E-1	1.364398E+0	-1.364398E+0	-5.291832E-6	9.169824E+1
-4.500000E-1	1.227447E+0	-1.227447E+0	-4.760665E-6	9.188672E+1
-4.000000E-1	1.090845E+0	-1.090845E+0	-4.230854E-6	9.207422E+1
-3.500000E-1	9.538167E-1	-9.538167E-1	-3.699387E-6	9.226270E+1
-3.000000E-1	8.175605E-1	-8.175605E-1	-3.170916E-6	9.245117E+1
-2.500000E-1	6.813313E-1	-6.813313E-1	-2.642550E-6	9.263867E+1
-2.000000E-1	5.451316E-1	-5.451316E-1	-2.114298E-6	9.282715E+1
-1.500000E-1	4.088532E-1	-4.088532E-1	-1.585741E-6	9.301465E+1
-1.000000E-1	2.724854E-1	-2.724854E-1	-1.056837E-6	9.320313E+1
-5.000000E-2	1.360306E-1	-1.360306E-1	-5.275959E-7	9.358496E+1
0.000000E+0	3.975022E-5	3.975022E-5	1.541716E-10	9.419043E+1
0.000000E+0	3.750560E-5	3.750560E-5	1.454658E-10	9.437891E+1
5.000000E-2	1.368059E-1	1.368059E-1	5.306029E-7	9.476172E+1
1.000000E-1	2.732062E-1	2.732062E-1	1.059633E-6	9.534277E+1
1.500000E-1	4.095408E-1	4.095408E-1	1.588408E-6	9.553125E+1
2.000000E-1	5.456893E-1	5.456893E-1	2.116461E-6	9.571973E+1
2.500000E-1	6.823998E-1	6.823998E-1	2.646694E-6	9.590723E+1
3.000000E-1	8.189912E-1	8.189912E-1	3.176465E-6	9.609570E+1
3.500000E-1	9.557633E-1	9.557633E-1	3.706937E-6	9.628320E+1
4.000000E-1	1.092560E+0	1.092560E+0	4.237506E-6	9.647168E+1
4.500000E-1	1.228753E+0	1.228753E+0	4.765729E-6	9.666016E+1
5.000000E-1	1.365286E+0	1.365286E+0	5.295275E-6	9.684766E+1
5.000000E-1	1.365247E+0	1.365247E+0	5.295125E-6	9.703613E+1
4.500000E-1	1.228269E+0	1.228269E+0	4.763853E-6	9.722363E+1
4.000000E-1	1.092335E+0	1.092335E+0	4.236631E-6	9.741211E+1
3.500000E-1	9.554892E-1	9.554892E-1	3.705874E-6	9.760059E+1
3.000000E-1	8.191489E-1	8.191489E-1	3.177077E-6	9.778809E+1
2.500000E-1	6.823804E-1	6.823804E-1	2.646619E-6	9.797656E+1
2.000000E-1	5.461735E-1	5.461735E-1	2.118339E-6	9.816504E+1
1.500000E-1	4.099343E-1	4.099343E-1	1.589934E-6	9.835254E+1
1.000000E-1	2.734009E-1	2.734009E-1	1.060388E-6	9.854102E+1
5.000000E-2	1.368898E-1	1.368898E-1	5.309283E-7	9.892285E+1
0.000000E+0	5.003038E-5	5.003038E-5	1.940433E-10	9.952734E+1
-5.000000E-2	1.360888E-1	-1.360888E-1	-5.278216E-7	9.991016E+1
-1.000000E-1	2.705439E-1	-2.705439E-1	-1.049307E-6	1.000986E+2
-1.500000E-1	4.093936E-1	-4.093936E-1	-1.587837E-6	1.006797E+2
-2.000000E-1	5.455652E-1	-5.455652E-1	-2.115980E-6	1.008682E+2
-2.500000E-1	6.816949E-1	-6.816949E-1	-2.643960E-6	1.010557E+2
-3.000000E-1	8.183835E-1	-8.183835E-1	-3.174108E-6	1.012441E+2
-3.500000E-1	9.551842E-1	-9.551842E-1	-3.704691E-6	1.014326E+2
-4.000000E-1	1.091576E+0	-1.091576E+0	-4.233688E-6	1.016201E+2
-4.500000E-1	1.228091E+0	-1.228091E+0	-4.763163E-6	1.018086E+2
-5.000000E-1	1.364046E+0	-1.364046E+0	-5.290466E-6	1.019971E+2
-5.000000E-1	1.364071E+0	-1.364071E+0	-5.290561E-6	1.021846E+2
-4.500000E-1	1.227605E+0	-1.227605E+0	-4.761278E-6	1.023730E+2
-4.000000E-1	1.091461E+0	-1.091461E+0	-4.233242E-6	1.025615E+2
-3.500000E-1	9.550896E-1	-9.550896E-1	-3.704324E-6	1.027490E+2
-3.000000E-1	8.183817E-1	-8.183817E-1	-3.174101E-6	1.029375E+2
-2.500000E-1	6.820654E-1	-6.820654E-1	-2.645397E-6	1.031250E+2
-2.000000E-1	5.456967E-1	-5.456967E-1	-2.116490E-6	1.033135E+2
-1.500000E-1	4.092593E-1	-4.092593E-1	-1.587316E-6	1.035020E+2
-1.000000E-1	2.728164E-1	-2.728164E-1	-1.058121E-6	1.036895E+2
-5.000000E-2	1.361491E-1	-1.361491E-1	-5.280555E-7	1.040713E+2
0.000000E+0	4.083032E-5	4.083032E-5	1.583608E-10	1.046768E+2
