voltage_YSR_1_31C	absJ_YSR_1_31C	J_YSR_1_31C	current_YSR_1_31C	time_YSR_1_31C
0.000000E+0	1.403698E-6	-1.403698E-6	-5.444256E-12	0.000000E+0
5.000000E-2	1.753113E-6	1.753113E-6	6.799464E-12	5.234375E-1
1.000000E-1	4.591859E-6	4.591859E-6	1.780957E-11	1.046875E+0
1.500000E-1	9.531084E-6	9.531084E-6	3.696640E-11	1.570313E+0
2.000000E-1	1.306784E-5	1.306784E-5	5.068376E-11	2.093750E+0
2.500000E-1	1.626277E-5	1.626277E-5	6.307532E-11	2.617188E+0
3.000000E-1	1.973198E-5	1.973198E-5	7.653067E-11	3.222656E+0
3.500000E-1	1.804306E-5	1.804306E-5	6.998019E-11	4.118164E+0
4.000000E-1	1.912006E-5	1.912006E-5	7.415733E-11	4.641602E+0
4.500000E-1	1.997689E-5	1.997689E-5	7.748057E-11	5.165039E+0
5.000000E-1	3.407611E-5	3.407611E-5	1.321645E-10	5.771484E+0
5.000000E-1	3.478421E-5	3.478421E-5	1.349109E-10	5.959961E+0
4.500000E-1	2.925655E-5	2.925655E-5	1.134718E-10	6.148438E+0
4.000000E-1	1.831835E-5	1.831835E-5	7.104790E-11	7.043945E+0
3.500000E-1	1.759525E-5	1.759525E-5	6.824336E-11	7.567383E+0
3.000000E-1	1.674356E-5	1.674356E-5	6.494005E-11	8.172852E+0
2.500000E-1	1.327223E-5	1.327223E-5	5.147647E-11	9.068359E+0
2.000000E-1	9.887164E-6	9.887164E-6	3.834746E-11	9.591797E+0
1.500000E-1	6.253975E-6	6.253975E-6	2.425610E-11	1.011523E+1
1.000000E-1	2.662729E-6	2.662729E-6	1.032742E-11	1.063867E+1
5.000000E-2	8.530140E-7	-8.530140E-7	-3.308423E-12	1.116211E+1
0.000000E+0	4.147815E-6	-4.147815E-6	-1.608734E-11	1.168555E+1
-5.000000E-2	7.586894E-6	-7.586894E-6	-2.942584E-11	1.220996E+1
-1.000000E-1	1.074815E-5	-1.074815E-5	-4.168681E-11	1.273340E+1
-1.500000E-1	1.416346E-5	-1.416346E-5	-5.493311E-11	1.325684E+1
-2.000000E-1	1.179487E-5	-1.179487E-5	-4.574652E-11	1.402930E+1
-2.500000E-1	1.732160E-5	-1.732160E-5	-6.718200E-11	1.492480E+1
-3.000000E-1	2.020484E-5	-2.020484E-5	-7.836465E-11	1.553125E+1
-3.500000E-1	2.682806E-5	-2.682806E-5	-1.040529E-10	1.571973E+1
-4.000000E-1	3.036337E-5	-3.036337E-5	-1.177646E-10	1.590820E+1
-4.500000E-1	3.463354E-5	-3.463354E-5	-1.343265E-10	1.609668E+1
-5.000000E-1	3.862912E-5	-3.862912E-5	-1.498234E-10	1.628613E+1
-5.000000E-1	3.688783E-5	-3.688783E-5	-1.430698E-10	1.647461E+1
-4.500000E-1	3.268856E-5	-3.268856E-5	-1.267829E-10	1.666309E+1
-4.000000E-1	2.901553E-5	-2.901553E-5	-1.125370E-10	1.685254E+1
-3.500000E-1	1.771031E-5	-1.771031E-5	-6.868961E-11	1.783008E+1
-3.000000E-1	1.762435E-5	-1.762435E-5	-6.835620E-11	1.872559E+1
-2.500000E-1	1.450975E-5	-1.450975E-5	-5.627621E-11	1.933105E+1
-2.000000E-1	1.376304E-5	-1.376304E-5	-5.338008E-11	2.022656E+1
-1.500000E-1	1.077476E-5	-1.077476E-5	-4.178999E-11	2.075000E+1
-1.000000E-1	7.494178E-6	-7.494178E-6	-2.906624E-11	2.127344E+1
-5.000000E-2	4.240395E-6	-4.240395E-6	-1.644641E-11	2.179688E+1
0.000000E+0	1.002061E-6	-1.002061E-6	-3.886502E-12	2.232031E+1
0.000000E+0	1.350359E-6	-1.350359E-6	-5.237380E-12	2.284473E+1
5.000000E-2	1.810273E-6	1.810273E-6	7.021161E-12	2.336816E+1
1.000000E-1	4.902355E-6	4.902355E-6	1.901383E-11	2.389160E+1
1.500000E-1	7.913324E-6	7.913324E-6	3.069190E-11	2.441504E+1
2.000000E-1	1.095403E-5	1.095403E-5	4.248529E-11	2.493848E+1
2.500000E-1	1.380425E-5	1.380425E-5	5.353990E-11	2.546191E+1
3.000000E-1	1.609665E-5	1.609665E-5	6.243101E-11	2.598535E+1
3.500000E-1	1.858815E-5	1.858815E-5	7.209433E-11	2.659082E+1
4.000000E-1	1.770967E-5	1.770967E-5	6.868713E-11	2.748633E+1
4.500000E-1	2.384001E-5	2.384001E-5	9.246370E-11	2.809180E+1
5.000000E-1	2.888195E-5	2.888195E-5	1.120189E-10	2.828125E+1
5.000000E-1	2.774983E-5	2.774983E-5	1.076280E-10	2.846973E+1
4.500000E-1	1.806369E-5	1.806369E-5	7.006018E-11	2.936523E+1
4.000000E-1	1.743559E-5	1.743559E-5	6.762411E-11	2.988867E+1
3.500000E-1	1.622760E-5	1.622760E-5	6.293890E-11	3.041211E+1
3.000000E-1	1.378912E-5	1.378912E-5	5.348123E-11	3.093555E+1
2.500000E-1	1.051082E-5	1.051082E-5	4.076631E-11	3.145898E+1
2.000000E-1	7.288901E-6	7.288901E-6	2.827007E-11	3.198242E+1
1.500000E-1	4.305711E-6	4.305711E-6	1.669974E-11	3.250586E+1
1.000000E-1	1.400091E-6	1.400091E-6	5.430267E-12	3.302930E+1
5.000000E-2	1.695805E-6	-1.695805E-6	-6.577197E-12	3.355273E+1
0.000000E+0	4.527200E-6	-4.527200E-6	-1.755879E-11	3.407617E+1
-5.000000E-2	7.350290E-6	-7.350290E-6	-2.850817E-11	3.459961E+1
-1.000000E-1	1.008071E-5	-1.008071E-5	-3.909811E-11	3.512305E+1
-1.500000E-1	1.294558E-5	-1.294558E-5	-5.020956E-11	3.564648E+1
-2.000000E-1	1.228233E-5	-1.228233E-5	-4.763712E-11	3.641992E+1
-2.500000E-1	1.658053E-5	-1.658053E-5	-6.430773E-11	3.731543E+1
-3.000000E-1	1.814741E-5	-1.814741E-5	-7.038492E-11	3.792090E+1
-3.500000E-1	1.839348E-5	-1.839348E-5	-7.133927E-11	3.881641E+1
-4.000000E-1	2.424505E-5	-2.424505E-5	-9.403467E-11	3.942285E+1
-4.500000E-1	2.931015E-5	-2.931015E-5	-1.136797E-10	3.961133E+1
-5.000000E-1	3.222870E-5	-3.222870E-5	-1.249993E-10	3.979980E+1
-5.000000E-1	3.233647E-5	-3.233647E-5	-1.254173E-10	3.998828E+1
-4.500000E-1	2.841911E-5	-2.841911E-5	-1.102238E-10	4.017773E+1
-4.000000E-1	2.211235E-5	-2.211235E-5	-8.576295E-11	4.115527E+1
-3.500000E-1	1.786064E-5	-1.786064E-5	-6.927267E-11	4.205078E+1
-3.000000E-1	1.699541E-5	-1.699541E-5	-6.591686E-11	4.257422E+1
-2.500000E-1	1.548661E-5	-1.548661E-5	-6.006495E-11	4.309766E+1
-2.000000E-1	1.243965E-5	-1.243965E-5	-4.824728E-11	4.362109E+1
-1.500000E-1	9.478283E-6	-9.478283E-6	-3.676161E-11	4.414453E+1
-1.000000E-1	6.688964E-6	-6.688964E-6	-2.594321E-11	4.466797E+1
-5.000000E-2	3.860202E-6	-3.860202E-6	-1.497183E-11	4.519141E+1
0.000000E+0	1.167900E-6	-1.167900E-6	-4.529710E-12	4.571484E+1
0.000000E+0	1.394266E-6	-1.394266E-6	-5.407674E-12	4.623926E+1
5.000000E-2	1.292955E-6	1.292955E-6	5.014739E-12	4.676270E+1
1.000000E-1	3.986459E-6	3.986459E-6	1.546152E-11	4.728613E+1
1.500000E-1	6.706043E-6	6.706043E-6	2.600945E-11	4.780957E+1
2.000000E-1	9.291655E-6	9.291655E-6	3.603777E-11	4.833301E+1
2.500000E-1	1.192204E-5	1.192204E-5	4.623976E-11	4.885645E+1
3.000000E-1	1.450983E-5	1.450983E-5	5.627650E-11	4.937988E+1
3.500000E-1	1.622418E-5	1.622418E-5	6.292564E-11	4.990332E+1
4.000000E-1	1.719836E-5	1.719836E-5	6.670400E-11	5.042676E+1
4.500000E-1	2.105062E-5	2.105062E-5	8.164502E-11	5.103223E+1
5.000000E-1	1.851699E-5	1.851699E-5	7.181831E-11	5.192773E+1
5.000000E-1	1.864758E-5	1.864758E-5	7.232483E-11	5.245117E+1
4.500000E-1	1.765155E-5	1.765155E-5	6.846170E-11	5.297461E+1
4.000000E-1	1.699941E-5	1.699941E-5	6.593237E-11	5.358008E+1
3.500000E-1	1.395749E-5	1.395749E-5	5.413424E-11	5.447559E+1
3.000000E-1	1.154100E-5	1.154100E-5	4.476187E-11	5.499902E+1
2.500000E-1	8.613631E-6	8.613631E-6	3.340805E-11	5.552246E+1
2.000000E-1	5.864116E-6	5.864116E-6	2.274403E-11	5.604590E+1
1.500000E-1	3.112278E-6	3.112278E-6	1.207100E-11	5.656934E+1
1.000000E-1	5.130208E-7	5.130208E-7	1.989756E-12	5.709277E+1
5.000000E-2	2.107579E-6	-2.107579E-6	-8.174267E-12	5.761621E+1
0.000000E+0	4.664588E-6	-4.664588E-6	-1.809165E-11	5.813965E+1
-5.000000E-2	7.149425E-6	-7.149425E-6	-2.772911E-11	5.866406E+1
-1.000000E-1	9.689467E-6	-9.689467E-6	-3.758069E-11	5.918750E+1
-1.500000E-1	1.211963E-5	-1.211963E-5	-4.700611E-11	5.971094E+1
-2.000000E-1	1.463239E-5	-1.463239E-5	-5.675185E-11	6.023438E+1
-2.500000E-1	1.199129E-5	-1.199129E-5	-4.650835E-11	6.083984E+1
-3.000000E-1	1.709369E-5	-1.709369E-5	-6.629806E-11	6.173535E+1
-3.500000E-1	1.835681E-5	-1.835681E-5	-7.119705E-11	6.234180E+1
-4.000000E-1	1.870630E-5	-1.870630E-5	-7.255255E-11	6.323633E+1
-4.500000E-1	2.429395E-5	-2.429395E-5	-9.422430E-11	6.384277E+1
-5.000000E-1	2.932281E-5	-2.932281E-5	-1.137288E-10	6.403125E+1
-5.000000E-1	2.855582E-5	-2.855582E-5	-1.107540E-10	6.421973E+1
-4.500000E-1	1.909339E-5	-1.909339E-5	-7.405390E-11	6.511523E+1
-4.000000E-1	1.504936E-5	-1.504936E-5	-5.836909E-11	6.588867E+1
-3.500000E-1	1.725932E-5	-1.725932E-5	-6.694044E-11	6.678418E+1
-3.000000E-1	1.183847E-5	-1.183847E-5	-4.591560E-11	6.755762E+1
-2.500000E-1	1.366612E-5	-1.366612E-5	-5.300417E-11	6.845313E+1
-2.000000E-1	1.139939E-5	-1.139939E-5	-4.421265E-11	6.897656E+1
-1.500000E-1	8.749619E-6	-8.749619E-6	-3.393548E-11	6.950000E+1
-1.000000E-1	6.176099E-6	-6.176099E-6	-2.395406E-11	7.002344E+1
-5.000000E-2	3.661404E-6	-3.661404E-6	-1.420079E-11	7.054688E+1
0.000000E+0	1.194804E-6	-1.194804E-6	-4.634057E-12	7.107031E+1
0.000000E+0	1.411742E-6	-1.411742E-6	-5.475453E-12	7.159375E+1
5.000000E-2	9.713533E-7	9.713533E-7	3.767403E-12	7.211719E+1
1.000000E-1	3.454340E-6	3.454340E-6	1.339769E-11	7.264063E+1
1.500000E-1	5.874053E-6	5.874053E-6	2.278257E-11	7.316406E+1
2.000000E-1	8.231191E-6	8.231191E-6	3.192475E-11	7.368750E+1
2.500000E-1	1.060051E-5	1.060051E-5	4.111419E-11	7.421094E+1
3.000000E-1	1.293299E-5	1.293299E-5	5.016074E-11	7.473438E+1
3.500000E-1	1.525613E-5	1.525613E-5	5.917106E-11	7.525781E+1
4.000000E-1	1.639476E-5	1.639476E-5	6.358725E-11	7.619824E+1
4.500000E-1	1.684716E-5	1.684716E-5	6.534188E-11	7.709375E+1
5.000000E-1	2.068201E-5	2.068201E-5	8.021539E-11	7.769922E+1
5.000000E-1	1.751211E-5	1.751211E-5	6.792088E-11	7.859473E+1
4.500000E-1	1.698140E-5	1.698140E-5	6.586254E-11	7.920117E+1
4.000000E-1	1.478194E-5	1.478194E-5	5.733188E-11	8.009570E+1
3.500000E-1	1.252283E-5	1.252283E-5	4.856991E-11	8.061914E+1
3.000000E-1	9.822874E-6	9.822874E-6	3.809811E-11	8.114258E+1
2.500000E-1	7.223881E-6	7.223881E-6	2.801789E-11	8.166602E+1
2.000000E-1	4.727375E-6	4.727375E-6	1.833517E-11	8.218945E+1
1.500000E-1	2.300150E-6	2.300150E-6	8.921155E-12	8.271289E+1
1.000000E-1	1.015472E-7	-1.015472E-7	-3.938516E-13	8.323633E+1
5.000000E-2	2.455405E-6	-2.455405E-6	-9.523313E-12	8.375977E+1
0.000000E+0	4.790175E-6	-4.790175E-6	-1.857874E-11	8.428320E+1
-5.000000E-2	7.095612E-6	-7.095612E-6	-2.752040E-11	8.480762E+1
-1.000000E-1	9.367344E-6	-9.367344E-6	-3.633133E-11	8.533105E+1
-1.500000E-1	1.165356E-5	-1.165356E-5	-4.519846E-11	8.585449E+1
-2.000000E-1	1.389106E-5	-1.389106E-5	-5.387661E-11	8.637793E+1
-2.500000E-1	1.595066E-5	-1.595066E-5	-6.186480E-11	8.690137E+1
-3.000000E-1	1.255240E-5	-1.255240E-5	-4.868461E-11	8.784180E+1
-3.500000E-1	1.750716E-5	-1.750716E-5	-6.790168E-11	8.873633E+1
-4.000000E-1	1.552654E-5	-1.552654E-5	-6.021983E-11	8.934277E+1
-4.500000E-1	1.902052E-5	-1.902052E-5	-7.377127E-11	9.023828E+1
-5.000000E-1	2.399215E-5	-2.399215E-5	-9.305379E-11	9.084375E+1
-5.000000E-1	2.644828E-5	-2.644828E-5	-1.025799E-10	9.103320E+1
-4.500000E-1	2.037367E-5	-2.037367E-5	-7.901946E-11	9.201074E+1
-4.000000E-1	1.779086E-5	-1.779086E-5	-6.900201E-11	9.290625E+1
-3.500000E-1	1.654619E-5	-1.654619E-5	-6.417455E-11	9.351172E+1
-3.000000E-1	1.519610E-5	-1.519610E-5	-5.893822E-11	9.440723E+1
-2.500000E-1	1.309205E-5	-1.309205E-5	-5.077762E-11	9.493066E+1
-2.000000E-1	1.058544E-5	-1.058544E-5	-4.105574E-11	9.545410E+1
-1.500000E-1	8.144711E-6	-8.144711E-6	-3.158934E-11	9.597754E+1
-1.000000E-1	5.809384E-6	-5.809384E-6	-2.253175E-11	9.650098E+1
-5.000000E-2	3.500175E-6	-3.500175E-6	-1.357546E-11	9.702441E+1
0.000000E+0	1.221475E-6	-1.221475E-6	-4.737502E-12	9.754785E+1
0.000000E+0	1.512595E-6	-1.512595E-6	-5.866613E-12	9.807227E+1
5.000000E-2	7.699120E-7	7.699120E-7	2.986111E-12	9.859570E+1
1.000000E-1	3.075669E-6	3.075669E-6	1.192901E-11	9.911914E+1
1.500000E-1	5.323770E-6	5.323770E-6	2.064829E-11	9.964258E+1
2.000000E-1	7.539257E-6	7.539257E-6	2.924108E-11	1.001660E+2
2.500000E-1	9.719873E-6	9.719873E-6	3.769862E-11	1.006895E+2
3.000000E-1	1.192316E-5	1.192316E-5	4.624410E-11	1.012129E+2
3.500000E-1	1.409555E-5	1.409555E-5	5.466971E-11	1.017363E+2
4.000000E-1	1.588304E-5	1.588304E-5	6.160253E-11	1.022598E+2
4.500000E-1	1.684426E-5	1.684426E-5	6.533062E-11	1.027832E+2
5.000000E-1	1.768664E-5	1.768664E-5	6.859781E-11	1.033066E+2
5.000000E-1	1.758257E-5	1.758257E-5	6.819418E-11	1.038301E+2
4.500000E-1	1.661721E-5	1.661721E-5	6.445000E-11	1.044355E+2
4.000000E-1	1.393856E-5	1.393856E-5	5.406085E-11	1.053311E+2
3.500000E-1	1.179841E-5	1.179841E-5	4.576026E-11	1.058545E+2
3.000000E-1	9.204745E-6	9.204745E-6	3.570069E-11	1.063779E+2
2.500000E-1	6.744086E-6	6.744086E-6	2.615700E-11	1.069014E+2
2.000000E-1	4.369485E-6	4.369485E-6	1.694709E-11	1.074248E+2
1.500000E-1	2.056090E-6	2.056090E-6	7.974565E-12	1.079482E+2
1.000000E-1	2.220369E-7	-2.220369E-7	-8.611722E-13	1.084717E+2
5.000000E-2	2.463005E-6	-2.463005E-6	-9.552789E-12	1.089951E+2
0.000000E+0	4.664039E-6	-4.664039E-6	-1.808952E-11	1.095186E+2
-5.000000E-2	6.847649E-6	-6.847649E-6	-2.655867E-11	1.100430E+2
-1.000000E-1	8.997755E-6	-8.997755E-6	-3.489788E-11	1.105664E+2
-1.500000E-1	1.116379E-5	-1.116379E-5	-4.329885E-11	1.110898E+2
-2.000000E-1	1.328548E-5	-1.328548E-5	-5.152785E-11	1.116133E+2
-2.500000E-1	1.541615E-5	-1.541615E-5	-5.979167E-11	1.121367E+2
-3.000000E-1	1.672542E-5	-1.672542E-5	-6.486969E-11	1.126602E+2
-3.500000E-1	1.758273E-5	-1.758273E-5	-6.819480E-11	1.131836E+2
-4.000000E-1	1.842690E-5	-1.842690E-5	-7.146890E-11	1.137070E+2
-4.500000E-1	1.849108E-5	-1.849108E-5	-7.171785E-11	1.143125E+2
-5.000000E-1	2.604439E-5	-2.604439E-5	-1.010134E-10	1.145010E+2
-5.000000E-1	1.842708E-5	-1.842708E-5	-7.146961E-11	1.154795E+2
-4.500000E-1	1.845588E-5	-1.845588E-5	-7.158131E-11	1.163750E+2
-4.000000E-1	1.739266E-5	-1.739266E-5	-6.745760E-11	1.169805E+2
-3.500000E-1	1.645972E-5	-1.645972E-5	-6.383917E-11	1.178760E+2
-3.000000E-1	1.497306E-5	-1.497306E-5	-5.807316E-11	1.183994E+2
-2.500000E-1	1.257823E-5	-1.257823E-5	-4.878477E-11	1.189229E+2
-2.000000E-1	1.017334E-5	-1.017334E-5	-3.945738E-11	1.194463E+2
-1.500000E-1	7.893970E-6	-7.893970E-6	-3.061684E-11	1.199697E+2
-1.000000E-1	5.658514E-6	-5.658514E-6	-2.194660E-11	1.204932E+2
-5.000000E-2	3.465066E-6	-3.465066E-6	-1.343929E-11	1.210166E+2
0.000000E+0	1.309550E-6	-1.309550E-6	-5.079104E-12	1.215400E+2
0.000000E+0	1.584390E-6	-1.584390E-6	-6.145071E-12	1.220645E+2
5.000000E-2	5.755735E-7	5.755735E-7	2.232367E-12	1.225879E+2
1.000000E-1	2.783892E-6	2.783892E-6	1.079735E-11	1.231113E+2
1.500000E-1	4.933318E-6	4.933318E-6	1.913392E-11	1.236348E+2
2.000000E-1	7.026452E-6	7.026452E-6	2.725216E-11	1.241582E+2
2.500000E-1	9.124428E-6	9.124428E-6	3.538918E-11	1.246816E+2
3.000000E-1	1.119811E-5	1.119811E-5	4.343197E-11	1.252051E+2
3.500000E-1	1.326379E-5	1.326379E-5	5.144375E-11	1.257285E+2
4.000000E-1	1.532959E-5	1.532959E-5	5.945595E-11	1.262520E+2
4.500000E-1	1.600541E-5	1.600541E-5	6.207712E-11	1.268574E+2
5.000000E-1	1.686173E-5	1.686173E-5	6.539837E-11	1.277529E+2
5.000000E-1	1.756521E-5	1.756521E-5	6.812684E-11	1.283584E+2
4.500000E-1	1.534176E-5	1.534176E-5	5.950318E-11	1.292539E+2
4.000000E-1	1.328802E-5	1.328802E-5	5.153772E-11	1.297773E+2
3.500000E-1	1.078307E-5	1.078307E-5	4.182225E-11	1.303008E+2
3.000000E-1	8.357035E-6	8.357035E-6	3.241284E-11	1.308242E+2
2.500000E-1	6.037902E-6	6.037902E-6	2.341806E-11	1.313477E+2
2.000000E-1	3.822535E-6	3.822535E-6	1.482574E-11	1.318711E+2
1.500000E-1	1.626003E-6	1.626003E-6	6.306469E-12	1.323945E+2
1.000000E-1	5.406152E-7	-5.406152E-7	-2.096781E-12	1.329180E+2
5.000000E-2	2.667342E-6	-2.667342E-6	-1.034531E-11	1.334414E+2
0.000000E+0	4.786006E-6	-4.786006E-6	-1.856257E-11	1.339648E+2
-5.000000E-2	6.842139E-6	-6.842139E-6	-2.653730E-11	1.344883E+2
-1.000000E-1	8.913221E-6	-8.913221E-6	-3.457001E-11	1.350117E+2
-1.500000E-1	1.093933E-5	-1.093933E-5	-4.242830E-11	1.355352E+2
-2.000000E-1	1.299127E-5	-1.299127E-5	-5.038675E-11	1.360586E+2
-2.500000E-1	1.500320E-5	-1.500320E-5	-5.819005E-11	1.365820E+2
-3.000000E-1	1.643409E-5	-1.643409E-5	-6.373979E-11	1.371055E+2
-3.500000E-1	1.743690E-5	-1.743690E-5	-6.762918E-11	1.376289E+2
-4.000000E-1	1.544427E-5	-1.544427E-5	-5.990075E-11	1.382354E+2
-4.500000E-1	1.857815E-5	-1.857815E-5	-7.205554E-11	1.391309E+2
-5.000000E-1	2.120024E-5	-2.120024E-5	-8.222534E-11	1.397363E+2
-5.000000E-1	1.910194E-5	-1.910194E-5	-7.408707E-11	1.406318E+2
-4.500000E-1	1.938407E-5	-1.938407E-5	-7.518131E-11	1.412383E+2
-4.000000E-1	1.724335E-5	-1.724335E-5	-6.687850E-11	1.421328E+2
-3.500000E-1	1.628985E-5	-1.628985E-5	-6.318034E-11	1.426562E+2
-3.000000E-1	1.438829E-5	-1.438829E-5	-5.580511E-11	1.431797E+2
-2.500000E-1	1.200944E-5	-1.200944E-5	-4.657874E-11	1.437031E+2
-2.000000E-1	9.785283E-6	-9.785283E-6	-3.795231E-11	1.442266E+2
-1.500000E-1	7.613649E-6	-7.613649E-6	-2.952961E-11	1.447500E+2
-1.000000E-1	5.476452E-6	-5.476452E-6	-2.124047E-11	1.452734E+2
-5.000000E-2	3.387384E-6	-3.387384E-6	-1.313800E-11	1.457969E+2
0.000000E+0	1.313089E-6	-1.313089E-6	-5.092829E-12	1.463203E+2
0.000000E+0	1.552294E-6	-1.552294E-6	-6.020587E-12	1.468447E+2
5.000000E-2	4.608802E-7	4.608802E-7	1.787528E-12	1.473682E+2
1.000000E-1	2.577620E-6	2.577620E-6	9.997322E-12	1.478916E+2
1.500000E-1	4.609090E-6	4.609090E-6	1.787640E-11	1.484150E+2
2.000000E-1	6.626912E-6	6.626912E-6	2.570254E-11	1.489385E+2
2.500000E-1	8.611986E-6	8.611986E-6	3.340167E-11	1.494619E+2
3.000000E-1	1.059383E-5	1.059383E-5	4.108829E-11	1.499854E+2
3.500000E-1	1.259527E-5	1.259527E-5	4.885087E-11	1.505088E+2
4.000000E-1	1.456167E-5	1.456167E-5	5.647759E-11	1.510322E+2
4.500000E-1	1.604203E-5	1.604203E-5	6.221917E-11	1.515557E+2
5.000000E-1	1.693993E-5	1.693993E-5	6.570168E-11	1.520791E+2
5.000000E-1	1.704046E-5	1.704046E-5	6.609158E-11	1.526846E+2
4.500000E-1	1.482154E-5	1.482154E-5	5.748550E-11	1.535801E+2
4.000000E-1	1.271532E-5	1.271532E-5	4.931650E-11	1.541035E+2
3.500000E-1	1.028079E-5	1.028079E-5	3.987416E-11	1.546270E+2
3.000000E-1	7.942757E-6	7.942757E-6	3.080606E-11	1.551504E+2
2.500000E-1	5.721484E-6	5.721484E-6	2.219083E-11	1.556738E+2
2.000000E-1	3.567902E-6	3.567902E-6	1.383814E-11	1.561973E+2
1.500000E-1	1.442395E-6	1.442395E-6	5.594344E-12	1.567207E+2
1.000000E-1	6.319288E-7	-6.319288E-7	-2.450942E-12	1.572441E+2
5.000000E-2	2.693999E-6	-2.693999E-6	-1.044870E-11	1.577676E+2
0.000000E+0	4.712218E-6	-4.712218E-6	-1.827638E-11	1.582910E+2
-5.000000E-2	6.713989E-6	-6.713989E-6	-2.604027E-11	1.588154E+2
-1.000000E-1	8.715817E-6	-8.715817E-6	-3.380438E-11	1.593389E+2
-1.500000E-1	1.066938E-5	-1.066938E-5	-4.138130E-11	1.598623E+2
-2.000000E-1	1.264727E-5	-1.264727E-5	-4.905257E-11	1.603857E+2
-2.500000E-1	1.458689E-5	-1.458689E-5	-5.657540E-11	1.609092E+2
-3.000000E-1	1.620621E-5	-1.620621E-5	-6.285596E-11	1.614326E+2
-3.500000E-1	1.728964E-5	-1.728964E-5	-6.705805E-11	1.619561E+2
-4.000000E-1	1.444706E-5	-1.444706E-5	-5.603307E-11	1.625615E+2
-4.500000E-1	1.841537E-5	-1.841537E-5	-7.142419E-11	1.634570E+2
-5.000000E-1	2.034361E-5	-2.034361E-5	-7.890288E-11	1.640635E+2
-5.000000E-1	1.887029E-5	-1.887029E-5	-7.318859E-11	1.649580E+2
-4.500000E-1	1.884263E-5	-1.884263E-5	-7.308132E-11	1.655645E+2
-4.000000E-1	1.699783E-5	-1.699783E-5	-6.592625E-11	1.664600E+2
-3.500000E-1	1.598555E-5	-1.598555E-5	-6.200011E-11	1.669834E+2
-3.000000E-1	1.394922E-5	-1.394922E-5	-5.410217E-11	1.675068E+2
-2.500000E-1	1.166241E-5	-1.166241E-5	-4.523275E-11	1.680303E+2
-2.000000E-1	9.494397E-6	-9.494397E-6	-3.682411E-11	1.685537E+2
-1.500000E-1	7.404662E-6	-7.404662E-6	-2.871905E-11	1.690771E+2
-1.000000E-1	5.320273E-6	-5.320273E-6	-2.063473E-11	1.696006E+2
-5.000000E-2	3.304826E-6	-3.304826E-6	-1.281780E-11	1.701240E+2
0.000000E+0	1.329728E-6	-1.329728E-6	-5.157361E-12	1.706475E+2
0.000000E+0	1.580225E-6	-1.580225E-6	-6.128917E-12	1.711719E+2
5.000000E-2	3.880834E-7	3.880834E-7	1.505185E-12	1.716953E+2
1.000000E-1	2.430280E-6	2.430280E-6	9.425863E-12	1.722188E+2
1.500000E-1	4.380273E-6	4.380273E-6	1.698893E-11	1.727422E+2
2.000000E-1	6.389442E-6	6.389442E-6	2.478151E-11	1.732656E+2
2.500000E-1	8.300127E-6	8.300127E-6	3.219212E-11	1.737891E+2
3.000000E-1	1.022046E-5	1.022046E-5	3.964015E-11	1.743125E+2
3.500000E-1	1.215058E-5	1.215058E-5	4.712614E-11	1.748359E+2
4.000000E-1	1.405827E-5	1.405827E-5	5.452515E-11	1.753594E+2
4.500000E-1	1.575287E-5	1.575287E-5	6.109764E-11	1.758828E+2
5.000000E-1	1.690309E-5	1.690309E-5	6.555878E-11	1.766553E+2
5.000000E-1	1.596838E-5	1.596838E-5	6.193351E-11	1.775508E+2
4.500000E-1	1.456226E-5	1.456226E-5	5.647987E-11	1.780742E+2
4.000000E-1	1.206211E-5	1.206211E-5	4.678301E-11	1.785977E+2
3.500000E-1	9.726533E-6	9.726533E-6	3.772445E-11	1.791211E+2
3.000000E-1	7.501062E-6	7.501062E-6	2.909294E-11	1.796445E+2
2.500000E-1	5.361075E-6	5.361075E-6	2.079298E-11	1.801680E+2
2.000000E-1	3.264130E-6	3.264130E-6	1.265996E-11	1.806914E+2
1.500000E-1	1.217421E-6	1.217421E-6	4.721779E-12	1.812148E+2
1.000000E-1	7.994602E-7	-7.994602E-7	-3.100714E-12	1.817383E+2
5.000000E-2	2.792591E-6	-2.792591E-6	-1.083109E-11	1.822617E+2
0.000000E+0	4.749526E-6	-4.749526E-6	-1.842108E-11	1.827852E+2
-5.000000E-2	6.697660E-6	-6.697660E-6	-2.597694E-11	1.833096E+2
-1.000000E-1	8.613422E-6	-8.613422E-6	-3.340724E-11	1.838330E+2
-1.500000E-1	1.052186E-5	-1.052186E-5	-4.080913E-11	1.843564E+2
-2.000000E-1	1.245809E-5	-1.245809E-5	-4.831884E-11	1.848799E+2
-2.500000E-1	1.432905E-5	-1.432905E-5	-5.557534E-11	1.854033E+2
-3.000000E-1	1.605334E-5	-1.605334E-5	-6.226303E-11	1.859268E+2
-3.500000E-1	1.428112E-5	-1.428112E-5	-5.538947E-11	1.865322E+2
-4.000000E-1	1.745245E-5	-1.745245E-5	-6.768951E-11	1.874277E+2
-4.500000E-1	1.934835E-5	-1.934835E-5	-7.504275E-11	1.880342E+2
-5.000000E-1	1.525406E-5	-1.525406E-5	-5.916301E-11	1.893457E+2
-5.000000E-1	1.854162E-5	-1.854162E-5	-7.191386E-11	1.902412E+2
-4.500000E-1	1.369033E-5	-1.369033E-5	-5.309808E-11	1.908477E+2
-4.000000E-1	1.665696E-5	-1.665696E-5	-6.460417E-11	1.917422E+2
-3.500000E-1	1.338682E-5	-1.338682E-5	-5.192091E-11	1.925156E+2
-3.000000E-1	1.315527E-5	-1.315527E-5	-5.102284E-11	1.934111E+2
-2.500000E-1	1.133260E-5	-1.133260E-5	-4.395358E-11	1.939346E+2
-2.000000E-1	9.198487E-6	-9.198487E-6	-3.567642E-11	1.944580E+2
-1.500000E-1	7.140392E-6	-7.140392E-6	-2.769408E-11	1.949814E+2
-1.000000E-1	5.131306E-6	-5.131306E-6	-1.990182E-11	1.955049E+2
-5.000000E-2	3.165458E-6	-3.165458E-6	-1.227726E-11	1.960283E+2
0.000000E+0	1.165431E-6	-1.165431E-6	-4.520134E-12	1.965518E+2
0.000000E+0	1.525583E-6	-1.525583E-6	-5.916989E-12	1.970762E+2
5.000000E-2	4.361663E-7	4.361663E-7	1.691675E-12	1.975996E+2
1.000000E-1	2.401114E-6	2.401114E-6	9.312745E-12	1.981230E+2
1.500000E-1	4.337390E-6	4.337390E-6	1.682261E-11	1.986465E+2
2.000000E-1	6.241094E-6	6.241094E-6	2.420614E-11	1.991699E+2
2.500000E-1	8.048265E-6	8.048265E-6	3.121527E-11	1.996934E+2
3.000000E-1	1.000939E-5	1.000939E-5	3.882153E-11	2.002168E+2
3.500000E-1	1.176495E-5	1.176495E-5	4.563048E-11	2.007402E+2
4.000000E-1	1.369474E-5	1.369474E-5	5.311518E-11	2.012637E+2
4.500000E-1	1.414650E-5	1.414650E-5	5.486733E-11	2.022041E+2
5.000000E-1	1.587937E-5	1.587937E-5	6.158828E-11	2.030986E+2
5.000000E-1	1.541250E-5	1.541250E-5	5.977752E-11	2.037051E+2
4.500000E-1	1.354065E-5	1.354065E-5	5.251752E-11	2.046006E+2
4.000000E-1	1.156808E-5	1.156808E-5	4.486689E-11	2.051240E+2
3.500000E-1	9.281316E-6	9.281316E-6	3.599767E-11	2.056475E+2
3.000000E-1	7.112990E-6	7.112990E-6	2.758780E-11	2.061709E+2
2.500000E-1	5.018998E-6	5.018998E-6	1.946623E-11	2.066943E+2
2.000000E-1	2.998141E-6	2.998141E-6	1.162832E-11	2.072178E+2
1.500000E-1	9.604437E-7	9.604437E-7	3.725090E-12	2.077412E+2
1.000000E-1	9.484283E-7	-9.484283E-7	-3.678488E-12	2.082646E+2
5.000000E-2	2.881978E-6	-2.881978E-6	-1.117778E-11	2.087881E+2
0.000000E+0	4.763642E-6	-4.763642E-6	-1.847583E-11	2.093115E+2
-5.000000E-2	6.678145E-6	-6.678145E-6	-2.590125E-11	2.098350E+2
-1.000000E-1	8.551244E-6	-8.551244E-6	-3.316608E-11	2.103584E+2
-1.500000E-1	1.040449E-5	-1.040449E-5	-4.035391E-11	2.108818E+2
-2.000000E-1	1.227168E-5	-1.227168E-5	-4.759583E-11	2.114053E+2
-2.500000E-1	1.410681E-5	-1.410681E-5	-5.471340E-11	2.119287E+2
-3.000000E-1	1.588893E-5	-1.588893E-5	-6.162537E-11	2.124521E+2
-3.500000E-1	1.371263E-5	-1.371263E-5	-5.318457E-11	2.130586E+2
-4.000000E-1	1.732167E-5	-1.732167E-5	-6.718227E-11	2.139531E+2
-4.500000E-1	1.934563E-5	-1.934563E-5	-7.503220E-11	2.145596E+2
-5.000000E-1	1.489593E-5	-1.489593E-5	-5.777401E-11	2.157051E+2
-5.000000E-1	1.842001E-5	-1.842001E-5	-7.144219E-11	2.165996E+2
-4.500000E-1	1.344499E-5	-1.344499E-5	-5.214651E-11	2.172061E+2
-4.000000E-1	1.653930E-5	-1.653930E-5	-6.414783E-11	2.181016E+2
-3.500000E-1	1.539110E-5	-1.539110E-5	-5.969453E-11	2.186250E+2
-3.000000E-1	1.321397E-5	-1.321397E-5	-5.125049E-11	2.191484E+2
-2.500000E-1	1.107241E-5	-1.107241E-5	-4.294444E-11	2.196719E+2
-2.000000E-1	9.029639E-6	-9.029639E-6	-3.502154E-11	2.201953E+2
-1.500000E-1	7.044822E-6	-7.044822E-6	-2.732341E-11	2.207187E+2
-1.000000E-1	5.038106E-6	-5.038106E-6	-1.954034E-11	2.212422E+2
-5.000000E-2	3.170419E-6	-3.170419E-6	-1.229650E-11	2.217656E+2
0.000000E+0	1.278306E-6	-1.278306E-6	-4.957923E-12	2.222891E+2
0.000000E+0	1.543424E-6	-1.543424E-6	-5.986184E-12	2.228125E+2
5.000000E-2	3.382795E-7	3.382795E-7	1.312020E-12	2.233359E+2
1.000000E-1	2.314538E-6	2.314538E-6	8.976958E-12	2.238594E+2
1.500000E-1	4.163017E-6	4.163017E-6	1.614630E-11	2.243828E+2
2.000000E-1	6.023510E-6	6.023510E-6	2.336224E-11	2.249062E+2
2.500000E-1	7.838888E-6	7.838888E-6	3.040320E-11	2.254297E+2
3.000000E-1	9.575075E-6	9.575075E-6	3.713702E-11	2.259531E+2
3.500000E-1	1.162451E-5	1.162451E-5	4.508576E-11	2.264766E+2
4.000000E-1	1.332621E-5	1.332621E-5	5.168584E-11	2.270000E+2
4.500000E-1	1.518905E-5	1.518905E-5	5.891089E-11	2.275234E+2
5.000000E-1	1.582713E-5	1.582713E-5	6.138567E-11	2.281299E+2
5.000000E-1	1.561634E-5	1.561634E-5	6.056813E-11	2.290244E+2
4.500000E-1	1.377302E-5	1.377302E-5	5.341878E-11	2.295479E+2
4.000000E-1	1.140822E-5	1.140822E-5	4.424690E-11	2.300713E+2
3.500000E-1	9.125173E-6	9.125173E-6	3.539207E-11	2.305947E+2
3.000000E-1	7.003294E-6	7.003294E-6	2.716234E-11	2.311182E+2
2.500000E-1	4.950260E-6	4.950260E-6	1.919963E-11	2.316416E+2
2.000000E-1	2.903829E-6	2.903829E-6	1.126253E-11	2.321650E+2
1.500000E-1	9.882134E-7	9.882134E-7	3.832795E-12	2.326885E+2
1.000000E-1	9.596566E-7	-9.596566E-7	-3.722037E-12	2.332119E+2
5.000000E-2	2.857043E-6	-2.857043E-6	-1.108107E-11	2.337354E+2
0.000000E+0	4.735507E-6	-4.735507E-6	-1.836671E-11	2.342588E+2
-5.000000E-2	6.603372E-6	-6.603372E-6	-2.561124E-11	2.347832E+2
-1.000000E-1	8.443074E-6	-8.443074E-6	-3.274654E-11	2.353066E+2
-1.500000E-1	1.028229E-5	-1.028229E-5	-3.987996E-11	2.358301E+2
-2.000000E-1	1.209405E-5	-1.209405E-5	-4.690688E-11	2.363535E+2
-2.500000E-1	1.392344E-5	-1.392344E-5	-5.400218E-11	2.368770E+2
-3.000000E-1	1.247449E-5	-1.247449E-5	-4.838241E-11	2.376504E+2
-3.500000E-1	1.626830E-5	-1.626830E-5	-6.309675E-11	2.385449E+2
-4.000000E-1	1.723041E-5	-1.723041E-5	-6.682832E-11	2.391514E+2
-4.500000E-1	1.336286E-5	-1.336286E-5	-5.182799E-11	2.404639E+2
-5.000000E-1	1.840854E-5	-1.840854E-5	-7.139769E-11	2.413584E+2
-5.000000E-1	1.508408E-5	-1.508408E-5	-5.850376E-11	2.419648E+2
-4.500000E-1	1.742561E-5	-1.742561E-5	-6.758540E-11	2.428604E+2
-4.000000E-1	1.518982E-5	-1.518982E-5	-5.891387E-11	2.434658E+2
-3.500000E-1	1.467664E-5	-1.467664E-5	-5.692348E-11	2.443613E+2
-3.000000E-1	1.295611E-5	-1.295611E-5	-5.025040E-11	2.448848E+2
-2.500000E-1	1.084625E-5	-1.084625E-5	-4.206728E-11	2.454082E+2
-2.000000E-1	8.820340E-6	-8.820340E-6	-3.420977E-11	2.459316E+2
-1.500000E-1	6.863299E-6	-6.863299E-6	-2.661937E-11	2.464551E+2
-1.000000E-1	4.952704E-6	-4.952704E-6	-1.920911E-11	2.469785E+2
-5.000000E-2	2.990618E-6	-2.990618E-6	-1.159914E-11	2.475020E+2
0.000000E+0	1.211406E-6	-1.211406E-6	-4.698450E-12	2.480254E+2
