voltage_YSR_1_31E	absJ_YSR_1_31E	J_YSR_1_31E	current_YSR_1_31E	time_YSR_1_31E
0.000000E+0	1.468816E-5	1.468816E-5	5.696816E-11	0.000000E+0
5.000000E-2	6.961607E-5	6.961607E-5	2.700066E-10	6.064453E-1
1.000000E-1	1.309208E-4	1.309208E-4	5.077774E-10	7.949219E-1
1.500000E-1	1.596292E-4	1.596292E-4	6.191235E-10	9.833984E-1
2.000000E-1	2.270864E-4	2.270864E-4	8.807568E-10	1.559570E+0
2.500000E-1	2.835068E-4	2.835068E-4	1.099584E-9	1.747070E+0
3.000000E-1	3.372834E-4	3.372834E-4	1.308157E-9	1.935547E+0
3.500000E-1	3.890417E-4	3.890417E-4	1.508902E-9	2.124023E+0
4.000000E-1	4.393541E-4	4.393541E-4	1.704039E-9	2.311523E+0
4.500000E-1	4.898743E-4	4.898743E-4	1.899982E-9	2.500000E+0
5.000000E-1	5.401062E-4	5.401062E-4	2.094807E-9	2.688477E+0
5.000000E-1	5.284443E-4	5.284443E-4	2.049576E-9	2.875977E+0
4.500000E-1	4.610498E-4	4.610498E-4	1.788186E-9	3.064453E+0
4.000000E-1	4.000091E-4	4.000091E-4	1.551439E-9	3.251953E+0
3.500000E-1	3.407438E-4	3.407438E-4	1.321578E-9	3.440430E+0
3.000000E-1	2.829721E-4	2.829721E-4	1.097510E-9	3.628906E+0
2.500000E-1	1.756904E-4	1.756904E-4	6.814169E-10	4.040039E+0
2.000000E-1	1.576304E-4	1.576304E-4	6.113711E-10	4.228516E+0
1.500000E-1	1.235988E-4	1.235988E-4	4.793791E-10	4.417969E+0
1.000000E-1	6.906604E-5	6.906604E-5	2.678733E-10	4.606445E+0
5.000000E-2	3.501678E-5	3.501678E-5	1.358129E-10	5.918945E+0
0.000000E+0	1.241877E-5	-1.241877E-5	-4.816633E-11	6.814453E+0
-5.000000E-2	1.783733E-5	-1.783733E-5	-6.918226E-11	7.337891E+0
-1.000000E-1	1.000726E-4	-1.000726E-4	-3.881327E-10	7.944336E+0
-1.500000E-1	1.557338E-4	-1.557338E-4	-6.040151E-10	8.132813E+0
-2.000000E-1	1.731165E-4	-1.731165E-4	-6.714338E-10	8.321289E+0
-2.500000E-1	2.585248E-4	-2.585248E-4	-1.002691E-9	8.897461E+0
-3.000000E-1	3.114599E-4	-3.114599E-4	-1.208000E-9	9.085938E+0
-3.500000E-1	3.622330E-4	-3.622330E-4	-1.404924E-9	9.273438E+0
-4.000000E-1	4.119405E-4	-4.119405E-4	-1.597715E-9	9.461914E+0
-4.500000E-1	4.600548E-4	-4.600548E-4	-1.784327E-9	9.650391E+0
-5.000000E-1	5.078018E-4	-5.078018E-4	-1.969514E-9	9.837891E+0
-5.000000E-1	4.978570E-4	-4.978570E-4	-1.930943E-9	1.002637E+1
-4.500000E-1	4.329462E-4	-4.329462E-4	-1.679186E-9	1.021387E+1
-4.000000E-1	3.727635E-4	-3.727635E-4	-1.445767E-9	1.040234E+1
-3.500000E-1	3.161336E-4	-3.161336E-4	-1.226127E-9	1.059082E+1
-3.000000E-1	2.611444E-4	-2.611444E-4	-1.012851E-9	1.077832E+1
-2.500000E-1	1.705888E-4	-1.705888E-4	-6.616301E-10	1.119043E+1
-2.000000E-1	1.624672E-4	-1.624672E-4	-6.301306E-10	1.176562E+1
-1.500000E-1	1.106650E-4	-1.106650E-4	-4.292152E-10	1.217773E+1
-1.000000E-1	5.668930E-5	-5.668930E-5	-2.198700E-10	1.236621E+1
-5.000000E-2	1.527055E-5	-1.527055E-5	-5.922696E-11	1.367871E+1
0.000000E+0	3.813251E-5	3.813251E-5	1.478973E-10	1.386719E+1
0.000000E+0	3.416439E-5	3.416439E-5	1.325069E-10	1.405664E+1
5.000000E-2	8.763230E-5	8.763230E-5	3.398827E-10	1.424512E+1
1.000000E-1	1.384063E-4	1.384063E-4	5.368103E-10	1.443359E+1
1.500000E-1	1.617944E-4	1.617944E-4	6.275211E-10	1.462305E+1
2.000000E-1	1.786314E-4	1.786314E-4	6.928234E-10	1.481152E+1
2.500000E-1	2.742231E-4	2.742231E-4	1.063577E-9	1.538672E+1
3.000000E-1	3.250367E-4	3.250367E-4	1.260658E-9	1.557520E+1
3.500000E-1	3.732777E-4	3.732777E-4	1.447761E-9	1.576367E+1
4.000000E-1	4.212319E-4	4.212319E-4	1.633752E-9	1.595117E+1
4.500000E-1	4.675131E-4	4.675131E-4	1.813254E-9	1.613965E+1
5.000000E-1	5.133031E-4	5.133031E-4	1.990851E-9	1.632813E+1
5.000000E-1	5.036499E-4	5.036499E-4	1.953411E-9	1.651563E+1
4.500000E-1	4.407616E-4	4.407616E-4	1.709498E-9	1.670410E+1
4.000000E-1	3.827120E-4	3.827120E-4	1.484352E-9	1.689160E+1
3.500000E-1	3.271471E-4	3.271471E-4	1.268843E-9	1.708008E+1
3.000000E-1	2.748156E-4	2.748156E-4	1.065875E-9	1.726855E+1
2.500000E-1	1.744351E-4	1.744351E-4	6.765482E-10	1.767969E+1
2.000000E-1	1.771422E-4	1.771422E-4	6.870478E-10	1.825586E+1
1.500000E-1	1.278113E-4	1.278113E-4	4.957173E-10	1.866699E+1
1.000000E-1	7.437826E-5	7.437826E-5	2.884768E-10	1.885547E+1
5.000000E-2	3.310896E-5	3.310896E-5	1.284134E-10	1.983398E+1
0.000000E+0	1.082147E-5	-1.082147E-5	-4.197116E-11	2.072949E+1
-5.000000E-2	1.769941E-5	-1.769941E-5	-6.864731E-11	2.125293E+1
-1.000000E-1	9.094506E-5	-9.094506E-5	-3.527313E-10	2.185938E+1
-1.500000E-1	1.504390E-4	-1.504390E-4	-5.834790E-10	2.204785E+1
-2.000000E-1	1.692860E-4	-1.692860E-4	-6.565775E-10	2.223633E+1
-2.500000E-1	2.410978E-4	-2.410978E-4	-9.351000E-10	2.281250E+1
-3.000000E-1	2.912397E-4	-2.912397E-4	-1.129576E-9	2.300000E+1
-3.500000E-1	3.391130E-4	-3.391130E-4	-1.315253E-9	2.318848E+1
-4.000000E-1	3.861514E-4	-3.861514E-4	-1.497692E-9	2.337695E+1
-4.500000E-1	4.317958E-4	-4.317958E-4	-1.674724E-9	2.356445E+1
-5.000000E-1	4.766447E-4	-4.766447E-4	-1.848671E-9	2.375293E+1
-5.000000E-1	4.673334E-4	-4.673334E-4	-1.812557E-9	2.394141E+1
-4.500000E-1	4.067880E-4	-4.067880E-4	-1.577731E-9	2.412891E+1
-4.000000E-1	3.503415E-4	-3.503415E-4	-1.358803E-9	2.431738E+1
-3.500000E-1	2.966475E-4	-2.966475E-4	-1.150550E-9	2.450488E+1
-3.000000E-1	1.826566E-4	-1.826566E-4	-7.084353E-10	2.491699E+1
-2.500000E-1	1.667401E-4	-1.667401E-4	-6.467031E-10	2.510547E+1
-2.000000E-1	1.515867E-4	-1.515867E-4	-5.879306E-10	2.568164E+1
-1.500000E-1	1.028381E-4	-1.028381E-4	-3.988585E-10	2.609277E+1
-1.000000E-1	5.234875E-5	-5.234875E-5	-2.030351E-10	2.628125E+1
-5.000000E-2	1.062805E-5	-1.062805E-5	-4.122100E-11	2.717676E+1
0.000000E+0	3.047650E-5	3.047650E-5	1.182034E-10	2.778320E+1
0.000000E+0	3.024664E-5	3.024664E-5	1.173119E-10	2.797266E+1
5.000000E-2	8.160607E-5	8.160607E-5	3.165099E-10	2.816113E+1
1.000000E-1	1.302465E-4	1.302465E-4	5.051624E-10	2.834961E+1
1.500000E-1	1.578802E-4	1.578802E-4	6.123400E-10	2.853809E+1
2.000000E-1	1.745366E-4	1.745366E-4	6.769420E-10	2.872754E+1
2.500000E-1	2.525533E-4	2.525533E-4	9.795302E-10	2.949121E+1
3.000000E-1	3.015254E-4	3.015254E-4	1.169469E-9	2.967871E+1
3.500000E-1	3.482998E-4	3.482998E-4	1.350884E-9	2.986719E+1
4.000000E-1	3.934847E-4	3.934847E-4	1.526134E-9	3.005469E+1
4.500000E-1	4.374908E-4	4.374908E-4	1.696812E-9	3.024316E+1
5.000000E-1	4.815786E-4	4.815786E-4	1.867807E-9	3.043164E+1
5.000000E-1	4.728213E-4	4.728213E-4	1.833842E-9	3.061914E+1
4.500000E-1	4.134464E-4	4.134464E-4	1.603556E-9	3.080762E+1
4.000000E-1	3.589237E-4	3.589237E-4	1.392089E-9	3.099609E+1
3.500000E-1	3.071353E-4	3.071353E-4	1.191227E-9	3.118359E+1
3.000000E-1	1.864847E-4	1.864847E-4	7.232826E-10	3.159570E+1
2.500000E-1	2.138635E-4	2.138635E-4	8.294716E-10	3.217090E+1
2.000000E-1	1.663936E-4	1.663936E-4	6.453593E-10	3.296973E+1
1.500000E-1	1.190118E-4	1.190118E-4	4.615882E-10	3.338184E+1
1.000000E-1	6.850524E-5	6.850524E-5	2.656982E-10	3.357031E+1
5.000000E-2	1.592750E-5	1.592750E-5	6.177495E-11	3.446582E+1
0.000000E+0	1.194502E-5	-1.194502E-5	-4.632886E-11	3.498926E+1
-5.000000E-2	5.369109E-5	-5.369109E-5	-2.082414E-10	3.559570E+1
-1.000000E-1	1.073738E-4	-1.073738E-4	-4.164504E-10	3.578418E+1
-1.500000E-1	1.488028E-4	-1.488028E-4	-5.771332E-10	3.597266E+1
-2.000000E-1	1.871779E-4	-1.871779E-4	-7.259713E-10	3.654883E+1
-2.500000E-1	2.224925E-4	-2.224925E-4	-8.629391E-10	3.734766E+1
-3.000000E-1	2.710616E-4	-2.710616E-4	-1.051315E-9	3.753516E+1
-3.500000E-1	3.168712E-4	-3.168712E-4	-1.228988E-9	3.772363E+1
-4.000000E-1	3.620857E-4	-3.620857E-4	-1.404353E-9	3.791113E+1
-4.500000E-1	4.060119E-4	-4.060119E-4	-1.574721E-9	3.809961E+1
-5.000000E-1	4.488479E-4	-4.488479E-4	-1.740861E-9	3.828809E+1
-5.000000E-1	4.402877E-4	-4.402877E-4	-1.707660E-9	3.847559E+1
-4.500000E-1	3.833287E-4	-3.833287E-4	-1.486744E-9	3.866406E+1
-4.000000E-1	3.300379E-4	-3.300379E-4	-1.280055E-9	3.885254E+1
-3.500000E-1	2.793362E-4	-2.793362E-4	-1.083408E-9	3.904004E+1
-3.000000E-1	1.789176E-4	-1.789176E-4	-6.939334E-10	3.945215E+1
-2.500000E-1	1.630715E-4	-1.630715E-4	-6.324743E-10	3.964062E+1
-2.000000E-1	1.407332E-4	-1.407332E-4	-5.458350E-10	3.982910E+1
-1.500000E-1	9.214150E-5	-9.214150E-5	-3.573717E-10	4.001855E+1
-1.000000E-1	4.324955E-5	-4.324955E-5	-1.677438E-10	4.020703E+1
-5.000000E-2	8.317023E-6	-8.317023E-6	-3.225765E-11	4.110254E+1
0.000000E+0	1.597055E-5	1.597055E-5	6.194192E-11	4.162598E+1
0.000000E+0	1.582677E-5	1.582677E-5	6.138427E-11	4.214941E+1
5.000000E-2	1.828544E-5	1.828544E-5	7.092026E-11	4.267285E+1
1.000000E-1	2.034236E-5	2.034236E-5	7.889802E-11	4.319629E+1
1.500000E-1	1.529555E-4	1.529555E-4	5.932392E-10	4.418945E+1
2.000000E-1	1.902268E-4	1.902268E-4	7.377965E-10	4.498828E+1
2.500000E-1	1.781074E-4	1.781074E-4	6.907913E-10	4.539941E+1
3.000000E-1	2.738085E-4	2.738085E-4	1.061969E-9	4.597559E+1
3.500000E-1	3.206162E-4	3.206162E-4	1.243513E-9	4.616309E+1
4.000000E-1	3.649495E-4	3.649495E-4	1.415460E-9	4.635156E+1
4.500000E-1	4.085054E-4	4.085054E-4	1.584392E-9	4.654004E+1
5.000000E-1	4.504210E-4	4.504210E-4	1.746962E-9	4.672754E+1
5.000000E-1	4.414802E-4	4.414802E-4	1.712285E-9	4.691602E+1
4.500000E-1	3.862069E-4	3.862069E-4	1.497907E-9	4.710352E+1
4.000000E-1	3.349142E-4	3.349142E-4	1.298968E-9	4.729199E+1
3.500000E-1	2.852802E-4	2.852802E-4	1.106462E-9	4.748047E+1
3.000000E-1	1.807205E-4	1.807205E-4	7.009260E-10	4.789160E+1
2.500000E-1	1.651983E-4	1.651983E-4	6.407232E-10	4.808008E+1
2.000000E-1	1.460118E-4	1.460118E-4	5.663083E-10	4.826953E+1
1.500000E-1	1.038655E-4	1.038655E-4	4.028434E-10	4.845801E+1
1.000000E-1	5.697751E-5	5.697751E-5	2.209878E-10	4.864648E+1
5.000000E-2	1.559035E-5	1.559035E-5	6.046731E-11	4.954199E+1
0.000000E+0	1.320154E-5	-1.320154E-5	-5.120229E-11	5.006543E+1
-5.000000E-2	1.781200E-5	-1.781200E-5	-6.908400E-11	5.058887E+1
-1.000000E-1	8.652092E-5	-8.652092E-5	-3.355722E-10	5.119531E+1
-1.500000E-1	1.453383E-4	-1.453383E-4	-5.636960E-10	5.138379E+1
-2.000000E-1	1.643835E-4	-1.643835E-4	-6.375629E-10	5.157324E+1
-2.500000E-1	2.223830E-4	-2.223830E-4	-8.625145E-10	5.214844E+1
-3.000000E-1	2.686117E-4	-2.686117E-4	-1.041813E-9	5.233691E+1
-3.500000E-1	3.114408E-4	-3.114408E-4	-1.207926E-9	5.252441E+1
-4.000000E-1	3.539669E-4	-3.539669E-4	-1.372864E-9	5.271289E+1
-4.500000E-1	3.959735E-4	-3.959735E-4	-1.535787E-9	5.290137E+1
-5.000000E-1	4.365278E-4	-4.365278E-4	-1.693077E-9	5.308887E+1
-5.000000E-1	4.272559E-4	-4.272559E-4	-1.657116E-9	5.327734E+1
-4.500000E-1	3.720687E-4	-3.720687E-4	-1.443072E-9	5.346484E+1
-4.000000E-1	3.212188E-4	-3.212188E-4	-1.245850E-9	5.365332E+1
-3.500000E-1	2.714878E-4	-2.714878E-4	-1.052968E-9	5.384180E+1
-3.000000E-1	1.770950E-4	-1.770950E-4	-6.868648E-10	5.425293E+1
-2.500000E-1	1.614990E-4	-1.614990E-4	-6.263754E-10	5.444141E+1
-2.000000E-1	1.379505E-4	-1.379505E-4	-5.350423E-10	5.463086E+1
-1.500000E-1	9.214610E-5	-9.214610E-5	-3.573895E-10	5.481934E+1
-1.000000E-1	4.440629E-5	-4.440629E-5	-1.722302E-10	5.500781E+1
-5.000000E-2	9.800657E-6	-9.800657E-6	-3.801194E-11	5.590332E+1
0.000000E+0	1.573950E-5	1.573950E-5	6.104579E-11	5.642676E+1
0.000000E+0	1.555667E-5	1.555667E-5	6.033670E-11	5.695117E+1
5.000000E-2	6.470017E-5	6.470017E-5	2.509402E-10	5.755664E+1
1.000000E-1	1.141102E-4	1.141102E-4	4.425776E-10	5.774512E+1
1.500000E-1	1.488972E-4	1.488972E-4	5.774993E-10	5.793457E+1
2.000000E-1	1.886305E-4	1.886305E-4	7.316050E-10	5.850977E+1
2.500000E-1	2.223685E-4	2.223685E-4	8.624585E-10	5.930859E+1
3.000000E-1	2.685235E-4	2.685235E-4	1.041471E-9	5.949707E+1
3.500000E-1	3.111755E-4	3.111755E-4	1.206897E-9	5.968457E+1
4.000000E-1	3.537846E-4	3.537846E-4	1.372157E-9	5.987305E+1
4.500000E-1	3.952240E-4	3.952240E-4	1.532880E-9	6.006152E+1
5.000000E-1	4.355256E-4	4.355256E-4	1.689190E-9	6.024902E+1
5.000000E-1	4.272904E-4	4.272904E-4	1.657250E-9	6.043750E+1
4.500000E-1	3.741138E-4	3.741138E-4	1.451004E-9	6.062500E+1
4.000000E-1	3.245285E-4	3.245285E-4	1.258687E-9	6.081348E+1
3.500000E-1	2.766135E-4	2.766135E-4	1.072848E-9	6.100195E+1
3.000000E-1	1.784793E-4	1.784793E-4	6.922338E-10	6.141309E+1
2.500000E-1	1.628388E-4	1.628388E-4	6.315719E-10	6.160156E+1
2.000000E-1	1.482035E-4	1.482035E-4	5.748086E-10	6.217773E+1
1.500000E-1	1.058858E-4	1.058858E-4	4.106792E-10	6.258887E+1
1.000000E-1	5.978000E-5	5.978000E-5	2.318573E-10	6.277832E+1
5.000000E-2	2.733053E-5	2.733053E-5	1.060017E-10	6.392285E+1
0.000000E+0	1.075896E-5	-1.075896E-5	-4.172872E-11	6.481836E+1
-5.000000E-2	1.753546E-5	-1.753546E-5	-6.801146E-11	6.534180E+1
-1.000000E-1	7.889348E-5	-7.889348E-5	-3.059891E-10	6.594824E+1
-1.500000E-1	1.368995E-4	-1.368995E-4	-5.309659E-10	6.613672E+1
-2.000000E-1	1.605864E-4	-1.605864E-4	-6.228360E-10	6.632520E+1
-2.500000E-1	2.099591E-4	-2.099591E-4	-8.143282E-10	6.690137E+1
-3.000000E-1	2.421777E-4	-2.421777E-4	-9.392886E-10	6.770020E+1
-3.500000E-1	2.868685E-4	-2.868685E-4	-1.112622E-9	6.788770E+1
-4.000000E-1	3.279368E-4	-3.279368E-4	-1.271906E-9	6.807617E+1
-4.500000E-1	3.683954E-4	-3.683954E-4	-1.428825E-9	6.826465E+1
-5.000000E-1	4.087302E-4	-4.087302E-4	-1.585264E-9	6.845215E+1
-5.000000E-1	4.005528E-4	-4.005528E-4	-1.553548E-9	6.864063E+1
-4.500000E-1	3.482944E-4	-3.482944E-4	-1.350863E-9	6.882910E+1
-4.000000E-1	3.010159E-4	-3.010159E-4	-1.167493E-9	6.901660E+1
-3.500000E-1	1.881115E-4	-1.881115E-4	-7.295924E-10	6.942871E+1
-3.000000E-1	2.162165E-4	-2.162165E-4	-8.385976E-10	7.000391E+1
-2.500000E-1	1.726144E-4	-1.726144E-4	-6.694867E-10	7.080273E+1
-2.000000E-1	1.294947E-4	-1.294947E-4	-5.022466E-10	7.121484E+1
-1.500000E-1	8.509295E-5	-8.509295E-5	-3.300338E-10	7.140332E+1
-1.000000E-1	4.043791E-5	-4.043791E-5	-1.568388E-10	7.159180E+1
-5.000000E-2	6.133643E-6	-6.133643E-6	-2.378939E-11	7.248730E+1
0.000000E+0	2.793710E-5	2.793710E-5	1.083543E-10	7.309375E+1
0.000000E+0	2.767659E-5	2.767659E-5	1.073439E-10	7.328223E+1
5.000000E-2	7.253599E-5	7.253599E-5	2.813315E-10	7.347168E+1
1.000000E-1	1.175209E-4	1.175209E-4	4.558058E-10	7.366016E+1
1.500000E-1	1.495099E-4	1.495099E-4	5.798757E-10	7.384863E+1
2.000000E-1	1.664129E-4	1.664129E-4	6.454340E-10	7.403711E+1
2.500000E-1	2.300588E-4	2.300588E-4	8.922854E-10	7.461328E+1
3.000000E-1	2.689871E-4	2.689871E-4	1.043269E-9	7.480078E+1
3.500000E-1	3.084311E-4	3.084311E-4	1.196253E-9	7.498926E+1
4.000000E-1	3.503310E-4	3.503310E-4	1.358762E-9	7.517773E+1
4.500000E-1	3.918665E-4	3.918665E-4	1.519858E-9	7.536523E+1
5.000000E-1	4.247242E-4	4.247242E-4	1.647297E-9	7.555371E+1
5.000000E-1	4.178425E-4	4.178425E-4	1.620606E-9	7.574219E+1
4.500000E-1	3.662131E-4	3.662131E-4	1.420361E-9	7.592969E+1
4.000000E-1	3.184558E-4	3.184558E-4	1.235134E-9	7.611816E+1
3.500000E-1	2.718769E-4	2.718769E-4	1.054477E-9	7.630566E+1
3.000000E-1	1.780185E-4	1.780185E-4	6.904466E-10	7.671777E+1
2.500000E-1	1.897198E-4	1.897198E-4	7.358301E-10	7.729395E+1
2.000000E-1	1.443991E-4	1.443991E-4	5.600531E-10	7.770508E+1
1.500000E-1	1.037248E-4	1.037248E-4	4.022975E-10	7.789355E+1
1.000000E-1	5.996525E-5	5.996525E-5	2.325758E-10	7.808203E+1
5.000000E-2	2.842976E-5	2.842976E-5	1.102651E-10	7.906055E+1
0.000000E+0	7.648183E-6	-7.648183E-6	-2.966355E-11	7.995605E+1
-5.000000E-2	1.731591E-5	-1.731591E-5	-6.715994E-11	8.047949E+1
-1.000000E-1	8.215811E-5	-8.215811E-5	-3.186510E-10	8.108594E+1
-1.500000E-1	1.313338E-4	-1.313338E-4	-5.093795E-10	8.127441E+1
-2.000000E-1	1.570031E-4	-1.570031E-4	-6.089380E-10	8.146289E+1
-2.500000E-1	2.008604E-4	-2.008604E-4	-7.790391E-10	8.203906E+1
-3.000000E-1	2.320227E-4	-2.320227E-4	-8.999024E-10	8.283789E+1
-3.500000E-1	2.750175E-4	-2.750175E-4	-1.066658E-9	8.302539E+1
-4.000000E-1	3.156411E-4	-3.156411E-4	-1.224217E-9	8.321387E+1
-4.500000E-1	3.554654E-4	-3.554654E-4	-1.378676E-9	8.340137E+1
-5.000000E-1	3.941844E-4	-3.941844E-4	-1.528848E-9	8.358984E+1
-5.000000E-1	3.862932E-4	-3.862932E-4	-1.498242E-9	8.377832E+1
-4.500000E-1	3.362506E-4	-3.362506E-4	-1.304151E-9	8.396582E+1
-4.000000E-1	2.901272E-4	-2.901272E-4	-1.125261E-9	8.415430E+1
-3.500000E-1	2.475395E-4	-2.475395E-4	-9.600845E-10	8.514062E+1
-3.000000E-1	2.039260E-4	-2.039260E-4	-7.909291E-10	8.593945E+1
-2.500000E-1	1.616458E-4	-1.616458E-4	-6.269447E-10	8.673828E+1
-2.000000E-1	1.202079E-4	-1.202079E-4	-4.662274E-10	8.714941E+1
-1.500000E-1	7.781031E-5	-7.781031E-5	-3.017880E-10	8.733789E+1
-1.000000E-1	3.393505E-5	-3.393505E-5	-1.316174E-10	8.752734E+1
-5.000000E-2	1.915617E-6	-1.915617E-6	-7.429737E-12	8.842285E+1
0.000000E+0	1.615798E-5	1.615798E-5	6.266887E-11	8.894629E+1
0.000000E+0	1.596211E-5	1.596211E-5	6.190920E-11	8.946973E+1
5.000000E-2	6.619572E-5	6.619572E-5	2.567407E-10	9.007617E+1
1.000000E-1	1.121341E-4	1.121341E-4	4.349130E-10	9.026465E+1
1.500000E-1	1.463496E-4	1.463496E-4	5.676183E-10	9.045312E+1
2.000000E-1	1.799427E-4	1.799427E-4	6.979093E-10	9.102930E+1
2.500000E-1	2.113088E-4	2.113088E-4	8.195631E-10	9.182715E+1
3.000000E-1	2.442745E-4	2.442745E-4	9.474208E-10	9.262598E+1
3.500000E-1	2.866065E-4	2.866065E-4	1.111606E-9	9.281445E+1
4.000000E-1	3.258842E-4	3.258842E-4	1.263945E-9	9.300195E+1
4.500000E-1	3.648721E-4	3.648721E-4	1.415160E-9	9.319043E+1
5.000000E-1	4.031657E-4	4.031657E-4	1.563682E-9	9.337891E+1
5.000000E-1	3.954341E-4	3.954341E-4	1.533695E-9	9.356641E+1
4.500000E-1	3.460706E-4	3.460706E-4	1.342238E-9	9.375488E+1
4.000000E-1	3.013575E-4	3.013575E-4	1.168818E-9	9.394238E+1
3.500000E-1	1.891063E-4	1.891063E-4	7.334506E-10	9.435449E+1
3.000000E-1	2.205031E-4	2.205031E-4	8.552234E-10	9.492969E+1
2.500000E-1	1.795144E-4	1.795144E-4	6.962484E-10	9.572852E+1
2.000000E-1	1.388551E-4	1.388551E-4	5.385509E-10	9.614063E+1
1.500000E-1	9.622534E-5	9.622534E-5	3.732109E-10	9.632910E+1
1.000000E-1	5.398440E-5	5.398440E-5	2.093790E-10	9.651758E+1
5.000000E-2	1.555568E-5	1.555568E-5	6.033284E-11	9.741309E+1
0.000000E+0	1.038935E-5	-1.038935E-5	-4.029520E-11	9.793652E+1
-5.000000E-2	1.751855E-5	-1.751855E-5	-6.794587E-11	9.846094E+1
-1.000000E-1	7.490225E-5	-7.490225E-5	-2.905091E-10	9.906641E+1
-1.500000E-1	1.293197E-4	-1.293197E-4	-5.015678E-10	9.925488E+1
-2.000000E-1	1.561468E-4	-1.561468E-4	-6.056169E-10	9.944434E+1
-2.500000E-1	1.965067E-4	-1.965067E-4	-7.621530E-10	1.000195E+2
-3.000000E-1	2.268297E-4	-2.268297E-4	-8.797612E-10	1.008184E+2
-3.500000E-1	2.686228E-4	-2.686228E-4	-1.041856E-9	1.010068E+2
-4.000000E-1	3.073126E-4	-3.073126E-4	-1.191915E-9	1.011943E+2
-4.500000E-1	3.457163E-4	-3.457163E-4	-1.340864E-9	1.013828E+2
-5.000000E-1	3.834772E-4	-3.834772E-4	-1.487320E-9	1.015713E+2
-5.000000E-1	3.758039E-4	-3.758039E-4	-1.457559E-9	1.017588E+2
-4.500000E-1	3.271321E-4	-3.271321E-4	-1.268785E-9	1.019473E+2
-4.000000E-1	2.828202E-4	-2.828202E-4	-1.096921E-9	1.021348E+2
-3.500000E-1	1.837814E-4	-1.837814E-4	-7.127980E-10	1.025469E+2
-3.000000E-1	2.025640E-4	-2.025640E-4	-7.856462E-10	1.031230E+2
-2.500000E-1	1.616723E-4	-1.616723E-4	-6.270477E-10	1.039209E+2
-2.000000E-1	1.211534E-4	-1.211534E-4	-4.698948E-10	1.043330E+2
-1.500000E-1	7.964080E-5	-7.964080E-5	-3.088876E-10	1.045215E+2
-1.000000E-1	3.706205E-5	-3.706205E-5	-1.437455E-10	1.047100E+2
-5.000000E-2	5.186998E-6	-5.186998E-6	-2.011782E-11	1.056055E+2
0.000000E+0	2.659950E-5	2.659950E-5	1.031664E-10	1.062119E+2
0.000000E+0	2.636998E-5	2.636998E-5	1.022762E-10	1.064004E+2
5.000000E-2	6.853153E-5	6.853153E-5	2.658002E-10	1.065898E+2
1.000000E-1	1.108864E-4	1.108864E-4	4.300738E-10	1.067783E+2
1.500000E-1	1.452458E-4	1.452458E-4	5.633373E-10	1.069668E+2
2.000000E-1	1.620401E-4	1.620401E-4	6.284739E-10	1.071562E+2
2.500000E-1	2.132667E-4	2.132667E-4	8.271570E-10	1.077314E+2
3.000000E-1	2.427136E-4	2.427136E-4	9.413670E-10	1.085303E+2
3.500000E-1	2.824268E-4	2.824268E-4	1.095395E-9	1.087187E+2
4.000000E-1	3.215039E-4	3.215039E-4	1.246956E-9	1.089063E+2
4.500000E-1	3.599326E-4	3.599326E-4	1.396002E-9	1.090947E+2
5.000000E-1	3.991007E-4	3.991007E-4	1.547916E-9	1.092822E+2
5.000000E-1	3.891923E-4	3.891923E-4	1.509486E-9	1.094707E+2
4.500000E-1	3.406778E-4	3.406778E-4	1.321322E-9	1.096592E+2
4.000000E-1	2.967302E-4	2.967302E-4	1.150871E-9	1.098467E+2
3.500000E-1	2.569718E-4	2.569718E-4	9.966676E-10	1.106455E+2
3.000000E-1	2.151097E-4	2.151097E-4	8.343051E-10	1.114443E+2
2.500000E-1	1.568508E-4	1.568508E-4	6.083474E-10	1.118555E+2
2.000000E-1	1.336067E-4	1.336067E-4	5.181950E-10	1.120439E+2
1.500000E-1	9.457945E-5	9.457945E-5	3.668273E-10	1.122334E+2
1.000000E-1	4.861234E-5	4.861234E-5	1.885434E-10	1.124219E+2
5.000000E-2	1.539649E-5	1.539649E-5	5.971542E-11	1.133174E+2
0.000000E+0	1.070584E-5	-1.070584E-5	-4.152270E-11	1.138408E+2
-5.000000E-2	1.757823E-5	-1.757823E-5	-6.817734E-11	1.143643E+2
-1.000000E-1	8.151389E-5	-8.151389E-5	-3.161524E-10	1.149707E+2
-1.500000E-1	1.279000E-4	-1.279000E-4	-4.960614E-10	1.151592E+2
-2.000000E-1	1.545561E-4	-1.545561E-4	-5.994474E-10	1.153477E+2
-2.500000E-1	1.925626E-4	-1.925626E-4	-7.468559E-10	1.159238E+2
-3.000000E-1	2.216555E-4	-2.216555E-4	-8.596928E-10	1.167227E+2
-3.500000E-1	2.623369E-4	-2.623369E-4	-1.017476E-9	1.169102E+2
-4.000000E-1	3.004064E-4	-3.004064E-4	-1.165129E-9	1.170986E+2
-4.500000E-1	3.380247E-4	-3.380247E-4	-1.311032E-9	1.172871E+2
-5.000000E-1	3.749866E-4	-3.749866E-4	-1.454389E-9	1.174746E+2
-5.000000E-1	3.672764E-4	-3.672764E-4	-1.424485E-9	1.176631E+2
-4.500000E-1	3.198205E-4	-3.198205E-4	-1.240427E-9	1.178516E+2
-4.000000E-1	2.765253E-4	-2.765253E-4	-1.072506E-9	1.180391E+2
-3.500000E-1	2.373438E-4	-2.373438E-4	-9.205401E-10	1.188379E+2
-3.000000E-1	1.673108E-4	-1.673108E-4	-6.489165E-10	1.192490E+2
-2.500000E-1	1.571741E-4	-1.571741E-4	-6.096013E-10	1.198252E+2
-2.000000E-1	1.176415E-4	-1.176415E-4	-4.562737E-10	1.202373E+2
-1.500000E-1	7.765287E-5	-7.765287E-5	-3.011774E-10	1.204258E+2
-1.000000E-1	3.526667E-5	-3.526667E-5	-1.367821E-10	1.206143E+2
-5.000000E-2	4.989816E-6	-4.989816E-6	-1.935305E-11	1.215098E+2
0.000000E+0	1.586488E-5	1.586488E-5	6.153209E-11	1.220332E+2
0.000000E+0	1.570771E-5	1.570771E-5	6.092248E-11	1.225576E+2
5.000000E-2	6.040545E-5	6.040545E-5	2.342831E-10	1.231631E+2
1.000000E-1	1.038222E-4	1.038222E-4	4.026754E-10	1.233516E+2
1.500000E-1	1.408122E-4	1.408122E-4	5.461414E-10	1.235410E+2
2.000000E-1	1.688714E-4	1.688714E-4	6.549694E-10	1.241162E+2
2.500000E-1	1.990728E-4	1.990728E-4	7.721059E-10	1.249150E+2
3.000000E-1	2.309148E-4	2.309148E-4	8.956054E-10	1.257139E+2
3.500000E-1	2.717616E-4	2.717616E-4	1.054030E-9	1.259014E+2
4.000000E-1	3.091399E-4	3.091399E-4	1.199002E-9	1.260898E+2
4.500000E-1	3.461868E-4	3.461868E-4	1.342689E-9	1.262773E+2
5.000000E-1	3.830665E-4	3.830665E-4	1.485727E-9	1.264658E+2
5.000000E-1	3.759681E-4	3.759681E-4	1.458196E-9	1.266543E+2
4.500000E-1	3.287260E-4	3.287260E-4	1.274967E-9	1.268418E+2
4.000000E-1	2.861896E-4	2.861896E-4	1.109989E-9	1.270303E+2
3.500000E-1	1.854472E-4	1.854472E-4	7.192588E-10	1.274414E+2
3.000000E-1	2.094069E-4	2.094069E-4	8.121868E-10	1.280176E+2
2.500000E-1	1.701994E-4	1.701994E-4	6.601200E-10	1.288164E+2
2.000000E-1	1.315365E-4	1.315365E-4	5.101655E-10	1.292275E+2
1.500000E-1	9.077923E-5	9.077923E-5	3.520881E-10	1.294160E+2
1.000000E-1	5.048174E-5	5.048174E-5	1.957939E-10	1.296055E+2
5.000000E-2	1.539810E-5	1.539810E-5	5.972167E-11	1.305010E+2
0.000000E+0	1.110045E-5	-1.110045E-5	-4.305319E-11	1.310244E+2
-5.000000E-2	1.751267E-5	-1.751267E-5	-6.792304E-11	1.315479E+2
-1.000000E-1	7.070680E-5	-7.070680E-5	-2.742370E-10	1.321543E+2
-1.500000E-1	1.237740E-4	-1.237740E-4	-4.800587E-10	1.323428E+2
-2.000000E-1	1.534977E-4	-1.534977E-4	-5.953424E-10	1.325312E+2
-2.500000E-1	1.680942E-4	-1.680942E-4	-6.519549E-10	1.327197E+2
-3.000000E-1	1.830639E-4	-1.830639E-4	-7.100152E-10	1.329092E+2
-3.500000E-1	1.959292E-4	-1.959292E-4	-7.599132E-10	1.330977E+2
-4.000000E-1	2.971577E-4	-2.971577E-4	-1.152529E-9	1.336738E+2
-4.500000E-1	3.346659E-4	-3.346659E-4	-1.298005E-9	1.338613E+2
-5.000000E-1	3.697614E-4	-3.697614E-4	-1.434123E-9	1.340498E+2
-5.000000E-1	3.628116E-4	-3.628116E-4	-1.407168E-9	1.342373E+2
-4.500000E-1	3.166180E-4	-3.166180E-4	-1.228006E-9	1.344258E+2
-4.000000E-1	2.734236E-4	-2.734236E-4	-1.060476E-9	1.346143E+2
-3.500000E-1	1.814421E-4	-1.814421E-4	-7.037251E-10	1.350254E+2
-3.000000E-1	1.684479E-4	-1.684479E-4	-6.533267E-10	1.352139E+2
-2.500000E-1	1.505310E-4	-1.505310E-4	-5.838359E-10	1.354033E+2
-2.000000E-1	1.172427E-4	-1.172427E-4	-4.547270E-10	1.355918E+2
-1.500000E-1	7.832981E-5	-7.832981E-5	-3.038029E-10	1.357803E+2
-1.000000E-1	3.850425E-5	-3.850425E-5	-1.493391E-10	1.359697E+2
-5.000000E-2	9.876191E-6	-9.876191E-6	-3.830490E-11	1.368643E+2
0.000000E+0	1.542199E-5	1.542199E-5	5.981433E-11	1.373877E+2
0.000000E+0	1.528899E-5	1.528899E-5	5.929848E-11	1.379121E+2
5.000000E-2	1.773739E-5	1.773739E-5	6.879463E-11	1.384355E+2
1.000000E-1	1.977766E-5	1.977766E-5	7.670784E-11	1.389590E+2
1.500000E-1	1.274556E-4	1.274556E-4	4.943376E-10	1.395645E+2
2.000000E-1	1.547920E-4	1.547920E-4	6.003623E-10	1.397529E+2
2.500000E-1	1.696342E-4	1.696342E-4	6.579277E-10	1.399424E+2
3.000000E-1	2.304992E-4	2.304992E-4	8.939933E-10	1.405176E+2
3.500000E-1	2.687043E-4	2.687043E-4	1.042172E-9	1.407061E+2
4.000000E-1	3.046737E-4	3.046737E-4	1.181680E-9	1.408945E+2
4.500000E-1	3.408235E-4	3.408235E-4	1.321887E-9	1.410820E+2
5.000000E-1	3.757031E-4	3.757031E-4	1.457168E-9	1.412705E+2
5.000000E-1	3.684204E-4	3.684204E-4	1.428922E-9	1.414580E+2
4.500000E-1	3.226987E-4	3.226987E-4	1.251590E-9	1.416465E+2
4.000000E-1	2.809608E-4	2.809608E-4	1.089709E-9	1.418350E+2
3.500000E-1	2.429547E-4	2.429547E-4	9.423022E-10	1.426328E+2
3.000000E-1	1.688639E-4	1.688639E-4	6.549402E-10	1.430449E+2
2.500000E-1	1.645394E-4	1.645394E-4	6.381677E-10	1.436201E+2
2.000000E-1	1.268796E-4	1.268796E-4	4.921038E-10	1.440322E+2
1.500000E-1	8.766143E-5	8.766143E-5	3.399957E-10	1.442207E+2
1.000000E-1	4.812142E-5	4.812142E-5	1.866394E-10	1.444092E+2
5.000000E-2	1.531127E-5	1.531127E-5	5.938489E-11	1.453047E+2
0.000000E+0	1.080993E-5	-1.080993E-5	-4.192643E-11	1.458281E+2
-5.000000E-2	1.755447E-5	-1.755447E-5	-6.808516E-11	1.463525E+2
-1.000000E-1	7.536792E-5	-7.536792E-5	-2.923152E-10	1.469580E+2
-1.500000E-1	1.229610E-4	-1.229610E-4	-4.769055E-10	1.471475E+2
-2.000000E-1	1.517192E-4	-1.517192E-4	-5.884444E-10	1.473359E+2
-2.500000E-1	1.848471E-4	-1.848471E-4	-7.169314E-10	1.479111E+2
-3.000000E-1	2.132759E-4	-2.132759E-4	-8.271925E-10	1.487100E+2
-3.500000E-1	2.434011E-4	-2.434011E-4	-9.440333E-10	1.495088E+2
-4.000000E-1	2.824479E-4	-2.824479E-4	-1.095477E-9	1.496973E+2
-4.500000E-1	3.186474E-4	-3.186474E-4	-1.235877E-9	1.498848E+2
-5.000000E-1	3.546006E-4	-3.546006E-4	-1.375322E-9	1.500732E+2
-5.000000E-1	3.484176E-4	-3.484176E-4	-1.351341E-9	1.502607E+2
-4.500000E-1	3.026046E-4	-3.026046E-4	-1.173655E-9	1.504492E+2
-4.000000E-1	2.613749E-4	-2.613749E-4	-1.013745E-9	1.506377E+2
-3.500000E-1	1.780513E-4	-1.780513E-4	-6.905738E-10	1.510488E+2
-3.000000E-1	1.638004E-4	-1.638004E-4	-6.353016E-10	1.512373E+2
-2.500000E-1	1.468906E-4	-1.468906E-4	-5.697167E-10	1.514268E+2
-2.000000E-1	1.098033E-4	-1.098033E-4	-4.258732E-10	1.516152E+2
-1.500000E-1	7.016126E-5	-7.016126E-5	-2.721211E-10	1.518037E+2
-1.000000E-1	3.483318E-5	-3.483318E-5	-1.351008E-10	1.519932E+2
-5.000000E-2	6.691865E-6	-6.691865E-6	-2.595446E-11	1.528877E+2
0.000000E+0	1.566585E-5	1.566585E-5	6.076015E-11	1.534111E+2
