voltage_YSR_32D	absJ_YSR_32D	J_YSR_32D	current_YSR_32D	time_YSR_32D
0.000000E+0	4.547623E-6	4.547623E-6	1.763800E-11	0.000000E+0
5.000000E-2	5.831062E-6	5.831062E-6	2.261583E-11	5.234375E-1
1.000000E-1	6.844070E-6	6.844070E-6	2.654479E-11	1.046875E+0
1.500000E-1	7.902368E-6	7.902368E-6	3.064941E-11	1.570313E+0
2.000000E-1	8.840097E-6	8.840097E-6	3.428640E-11	2.093750E+0
2.500000E-1	9.675655E-6	9.675655E-6	3.752712E-11	2.617188E+0
3.000000E-1	1.071502E-5	1.071502E-5	4.155830E-11	3.140625E+0
3.500000E-1	1.205068E-5	1.205068E-5	4.673868E-11	3.664063E+0
4.000000E-1	1.350640E-5	1.350640E-5	5.238471E-11	4.187500E+0
4.500000E-1	1.470136E-5	1.470136E-5	5.701935E-11	4.710938E+0
5.000000E-1	1.594196E-5	1.594196E-5	6.183104E-11	5.234375E+0
5.000000E-1	1.554146E-5	1.554146E-5	6.027771E-11	5.757813E+0
4.500000E-1	1.393097E-5	1.393097E-5	5.403140E-11	6.281250E+0
4.000000E-1	1.260151E-5	1.260151E-5	4.887506E-11	6.804688E+0
3.500000E-1	1.133311E-5	1.133311E-5	4.395559E-11	7.328125E+0
3.000000E-1	1.011515E-5	1.011515E-5	3.923169E-11	7.851563E+0
2.500000E-1	8.958597E-6	8.958597E-6	3.474600E-11	8.375000E+0
2.000000E-1	7.744491E-6	7.744491E-6	3.003708E-11	8.898438E+0
1.500000E-1	6.538360E-6	6.538360E-6	2.535909E-11	9.421875E+0
1.000000E-1	5.416006E-6	5.416006E-6	2.100603E-11	9.945313E+0
5.000000E-2	4.298146E-6	4.298146E-6	1.667040E-11	1.046875E+1
0.000000E+0	3.236083E-6	3.236083E-6	1.255118E-11	1.099219E+1
-5.000000E-2	2.240442E-6	2.240442E-6	8.689577E-12	1.151563E+1
-1.000000E-1	1.278782E-6	1.278782E-6	4.959769E-12	1.203906E+1
-1.500000E-1	2.770719E-7	2.770719E-7	1.074626E-12	1.256250E+1
-2.000000E-1	7.776374E-7	-7.776374E-7	-3.016074E-12	1.308594E+1
-2.500000E-1	1.771501E-6	-1.771501E-6	-6.870782E-12	1.360937E+1
-3.000000E-1	2.734942E-6	-2.734942E-6	-1.060750E-11	1.413281E+1
-3.500000E-1	4.035813E-6	-4.035813E-6	-1.565294E-11	1.465625E+1
-4.000000E-1	5.095999E-6	-5.095999E-6	-1.976488E-11	1.517969E+1
-4.500000E-1	6.335336E-6	-6.335336E-6	-2.457166E-11	1.570313E+1
-5.000000E-1	9.231536E-6	-9.231536E-6	-3.580460E-11	1.622656E+1
-5.000000E-1	7.550086E-6	-7.550086E-6	-2.928308E-11	1.675000E+1
-4.500000E-1	4.779862E-6	-4.779862E-6	-1.853874E-11	1.727344E+1
-4.000000E-1	4.464132E-6	-4.464132E-6	-1.731418E-11	1.779688E+1
-3.500000E-1	2.019923E-6	-2.019923E-6	-7.834289E-12	1.832031E+1
-3.000000E-1	9.674639E-7	-9.674639E-7	-3.752318E-12	1.884375E+1
-2.500000E-1	1.570546E-7	1.570546E-7	6.091377E-13	1.936719E+1
-2.000000E-1	1.150617E-6	1.150617E-6	4.462680E-12	1.989063E+1
-1.500000E-1	2.207527E-6	2.207527E-6	8.561915E-12	2.041406E+1
-1.000000E-1	3.266987E-6	3.266987E-6	1.267104E-11	2.093750E+1
-5.000000E-2	4.267281E-6	4.267281E-6	1.655069E-11	2.146094E+1
0.000000E+0	5.139428E-6	5.139428E-6	1.993332E-11	2.198437E+1
0.000000E+0	4.571604E-6	4.571604E-6	1.773101E-11	2.250879E+1
5.000000E-2	5.796941E-6	5.796941E-6	2.248349E-11	2.303223E+1
1.000000E-1	6.752661E-6	6.752661E-6	2.619026E-11	2.355566E+1
1.500000E-1	7.689585E-6	7.689585E-6	2.982413E-11	2.407910E+1
2.000000E-1	8.666945E-6	8.666945E-6	3.361483E-11	2.460254E+1
2.500000E-1	9.526244E-6	9.526244E-6	3.694763E-11	2.512598E+1
3.000000E-1	1.050970E-5	1.050970E-5	4.076196E-11	2.564941E+1
3.500000E-1	1.155687E-5	1.155687E-5	4.482343E-11	2.617285E+1
4.000000E-1	1.256094E-5	1.256094E-5	4.871772E-11	2.669629E+1
4.500000E-1	1.359679E-5	1.359679E-5	5.273527E-11	2.721973E+1
5.000000E-1	1.464145E-5	1.464145E-5	5.678701E-11	2.774316E+1
5.000000E-1	1.433503E-5	1.433503E-5	5.559855E-11	2.826660E+1
4.500000E-1	1.285087E-5	1.285087E-5	4.984223E-11	2.879004E+1
4.000000E-1	1.160633E-5	1.160633E-5	4.501526E-11	2.931348E+1
3.500000E-1	1.044855E-5	1.044855E-5	4.052479E-11	2.983691E+1
3.000000E-1	9.366155E-6	9.366155E-6	3.632672E-11	3.036035E+1
2.500000E-1	8.302661E-6	8.302661E-6	3.220195E-11	3.088379E+1
2.000000E-1	7.327629E-6	7.327629E-6	2.842028E-11	3.140723E+1
1.500000E-1	6.306103E-6	6.306103E-6	2.445828E-11	3.193066E+1
1.000000E-1	5.343501E-6	5.343501E-6	2.072482E-11	3.245410E+1
5.000000E-2	4.432316E-6	4.432316E-6	1.719078E-11	3.297754E+1
0.000000E+0	3.528484E-6	3.528484E-6	1.368526E-11	3.350098E+1
-5.000000E-2	2.659437E-6	2.659437E-6	1.031465E-11	3.402441E+1
-1.000000E-1	1.755124E-6	1.755124E-6	6.807263E-12	3.454785E+1
-1.500000E-1	8.680922E-7	8.680922E-7	3.366904E-12	3.507129E+1
-2.000000E-1	1.974767E-8	1.974767E-8	7.659151E-14	3.559473E+1
-2.500000E-1	8.277775E-7	-8.277775E-7	-3.210543E-12	3.611816E+1
-3.000000E-1	1.685354E-6	-1.685354E-6	-6.536660E-12	3.664160E+1
-3.500000E-1	2.565261E-6	-2.565261E-6	-9.949389E-12	3.716504E+1
-4.000000E-1	3.433314E-6	-3.433314E-6	-1.331614E-11	3.768848E+1
-4.500000E-1	4.295823E-6	-4.295823E-6	-1.666139E-11	3.821191E+1
-5.000000E-1	5.149558E-6	-5.149558E-6	-1.997261E-11	3.873535E+1
-5.000000E-1	4.728182E-6	-4.728182E-6	-1.833830E-11	3.925879E+1
-4.500000E-1	3.277300E-6	-3.277300E-6	-1.271104E-11	3.978223E+1
-4.000000E-1	2.117244E-6	-2.117244E-6	-8.211751E-12	4.030566E+1
-3.500000E-1	1.088294E-6	-1.088294E-6	-4.220957E-12	4.082910E+1
-3.000000E-1	1.275244E-7	-1.275244E-7	-4.946044E-13	4.135254E+1
-2.500000E-1	7.687456E-7	7.687456E-7	2.981587E-12	4.187598E+1
-2.000000E-1	1.590537E-6	1.590537E-6	6.168913E-12	4.239941E+1
-1.500000E-1	2.572771E-6	2.572771E-6	9.978518E-12	4.292285E+1
-1.000000E-1	3.460801E-6	3.460801E-6	1.342275E-11	4.344629E+1
-5.000000E-2	4.272200E-6	4.272200E-6	1.656977E-11	4.396973E+1
0.000000E+0	5.130138E-6	5.130138E-6	1.989729E-11	4.449316E+1
0.000000E+0	4.756691E-6	4.756691E-6	1.844887E-11	4.501758E+1
5.000000E-2	5.840406E-6	5.840406E-6	2.265207E-11	4.554102E+1
1.000000E-1	6.722786E-6	6.722786E-6	2.607439E-11	4.606445E+1
1.500000E-1	7.586657E-6	7.586657E-6	2.942492E-11	4.658789E+1
2.000000E-1	8.406005E-6	8.406005E-6	3.260277E-11	4.711133E+1
2.500000E-1	9.232078E-6	9.232078E-6	3.580670E-11	4.763477E+1
3.000000E-1	1.007234E-5	1.007234E-5	3.906567E-11	4.815820E+1
3.500000E-1	1.084311E-5	1.084311E-5	4.205509E-11	4.868164E+1
4.000000E-1	1.168153E-5	1.168153E-5	4.530691E-11	4.920508E+1
4.500000E-1	1.263352E-5	1.263352E-5	4.899921E-11	4.972852E+1
5.000000E-1	1.356158E-5	1.356158E-5	5.259870E-11	5.025195E+1
5.000000E-1	1.321269E-5	1.321269E-5	5.124556E-11	5.077539E+1
4.500000E-1	1.173323E-5	1.173323E-5	4.550745E-11	5.129883E+1
4.000000E-1	1.059135E-5	1.059135E-5	4.107865E-11	5.182227E+1
3.500000E-1	9.513959E-6	9.513959E-6	3.689998E-11	5.234570E+1
3.000000E-1	8.507369E-6	8.507369E-6	3.299591E-11	5.286914E+1
2.500000E-1	7.599726E-6	7.599726E-6	2.947561E-11	5.339258E+1
2.000000E-1	6.666548E-6	6.666548E-6	2.585627E-11	5.391602E+1
1.500000E-1	5.734737E-6	5.734737E-6	2.224223E-11	5.443945E+1
1.000000E-1	4.881762E-6	4.881762E-6	1.893396E-11	5.496289E+1
5.000000E-2	4.025356E-6	4.025356E-6	1.561238E-11	5.548633E+1
0.000000E+0	3.160549E-6	3.160549E-6	1.225822E-11	5.600977E+1
-5.000000E-2	2.353601E-6	2.353601E-6	9.128462E-12	5.653320E+1
-1.000000E-1	1.512147E-6	1.512147E-6	5.864878E-12	5.705664E+1
-1.500000E-1	6.205183E-7	6.205183E-7	2.406686E-12	5.758008E+1
-2.000000E-1	1.856975E-7	-1.856975E-7	-7.202294E-13	5.810352E+1
-2.500000E-1	1.001227E-6	-1.001227E-6	-3.883269E-12	5.862695E+1
-3.000000E-1	1.777122E-6	-1.777122E-6	-6.892584E-12	5.915039E+1
-3.500000E-1	2.554290E-6	-2.554290E-6	-9.906839E-12	5.967383E+1
-4.000000E-1	3.353002E-6	-3.353002E-6	-1.300465E-11	6.019727E+1
-4.500000E-1	4.108127E-6	-4.108127E-6	-1.593341E-11	6.072070E+1
-5.000000E-1	4.906965E-6	-4.906965E-6	-1.903171E-11	6.124414E+1
-5.000000E-1	4.512504E-6	-4.512504E-6	-1.750179E-11	6.176758E+1
-4.500000E-1	3.196130E-6	-3.196130E-6	-1.239622E-11	6.229102E+1
-4.000000E-1	2.244661E-6	-2.244661E-6	-8.705939E-12	6.281445E+1
-3.500000E-1	1.374368E-6	-1.374368E-6	-5.330500E-12	6.333789E+1
-3.000000E-1	5.217262E-7	-5.217262E-7	-2.023520E-12	6.386133E+1
-2.500000E-1	3.504380E-7	3.504380E-7	1.359177E-12	6.438477E+1
-2.000000E-1	1.112961E-6	1.112961E-6	4.316630E-12	6.490820E+1
-1.500000E-1	2.046039E-6	2.046039E-6	7.935583E-12	6.543164E+1
-1.000000E-1	2.862538E-6	2.862538E-6	1.110238E-11	6.595508E+1
-5.000000E-2	3.611895E-6	3.611895E-6	1.400877E-11	6.647852E+1
0.000000E+0	4.122375E-6	4.122375E-6	1.598867E-11	6.700195E+1
0.000000E+0	3.747169E-6	3.747169E-6	1.453343E-11	6.752637E+1
5.000000E-2	4.847158E-6	4.847158E-6	1.879975E-11	6.804980E+1
1.000000E-1	5.548809E-6	5.548809E-6	2.152111E-11	6.857324E+1
1.500000E-1	6.428266E-6	6.428266E-6	2.493209E-11	6.909668E+1
2.000000E-1	7.138760E-6	7.138760E-6	2.768775E-11	6.962012E+1
2.500000E-1	7.943317E-6	7.943317E-6	3.080823E-11	7.014355E+1
3.000000E-1	8.769704E-6	8.769704E-6	3.401338E-11	7.066699E+1
3.500000E-1	9.570592E-6	9.570592E-6	3.711963E-11	7.119043E+1
4.000000E-1	1.040693E-5	1.040693E-5	4.036337E-11	7.171387E+1
4.500000E-1	1.122540E-5	1.122540E-5	4.353782E-11	7.223730E+1
5.000000E-1	1.203297E-5	1.203297E-5	4.666999E-11	7.276074E+1
5.000000E-1	1.165677E-5	1.165677E-5	4.521091E-11	7.328418E+1
4.500000E-1	1.026533E-5	1.026533E-5	3.981419E-11	7.380762E+1
4.000000E-1	9.174770E-6	9.174770E-6	3.558443E-11	7.433105E+1
3.500000E-1	8.318461E-6	8.318461E-6	3.226323E-11	7.485449E+1
3.000000E-1	7.363880E-6	7.363880E-6	2.856088E-11	7.537793E+1
2.500000E-1	6.378077E-6	6.378077E-6	2.473743E-11	7.590137E+1
2.000000E-1	5.489792E-6	5.489792E-6	2.129221E-11	7.642480E+1
1.500000E-1	4.671581E-6	4.671581E-6	1.811877E-11	7.694824E+1
1.000000E-1	3.850384E-6	3.850384E-6	1.493375E-11	7.747168E+1
5.000000E-2	3.028470E-6	3.028470E-6	1.174595E-11	7.799512E+1
0.000000E+0	2.284543E-6	2.284543E-6	8.860621E-12	7.851855E+1
-5.000000E-2	1.539101E-6	1.539101E-6	5.969419E-12	7.904199E+1
-1.000000E-1	8.331734E-7	8.331734E-7	3.231471E-12	7.956543E+1
-1.500000E-1	9.699935E-8	9.699935E-8	3.762129E-13	8.008887E+1
-2.000000E-1	5.588136E-7	-5.588136E-7	-2.167364E-12	8.061230E+1
-2.500000E-1	1.230087E-6	-1.230087E-6	-4.770906E-12	8.113574E+1
-3.000000E-1	1.905190E-6	-1.905190E-6	-7.389298E-12	8.165918E+1
-3.500000E-1	2.563590E-6	-2.563590E-6	-9.942908E-12	8.218262E+1
-4.000000E-1	3.262336E-6	-3.262336E-6	-1.265300E-11	8.270605E+1
-4.500000E-1	3.980496E-6	-3.980496E-6	-1.543839E-11	8.322949E+1
-5.000000E-1	4.688703E-6	-4.688703E-6	-1.818518E-11	8.375293E+1
-5.000000E-1	4.268562E-6	-4.268562E-6	-1.655566E-11	8.427637E+1
-4.500000E-1	2.944474E-6	-2.944474E-6	-1.142017E-11	8.479980E+1
-4.000000E-1	1.966058E-6	-1.966058E-6	-7.625373E-12	8.532324E+1
-3.500000E-1	1.037005E-6	-1.037005E-6	-4.022033E-12	8.584668E+1
-3.000000E-1	2.253037E-7	-2.253037E-7	-8.738427E-13	8.637012E+1
-2.500000E-1	4.929187E-7	4.929187E-7	1.911790E-12	8.689355E+1
-2.000000E-1	1.238070E-6	1.238070E-6	4.801867E-12	8.741699E+1
-1.500000E-1	1.918533E-6	1.918533E-6	7.441048E-12	8.794043E+1
-1.000000E-1	2.563651E-6	2.563651E-6	9.943144E-12	8.846387E+1
-5.000000E-2	3.399840E-6	3.399840E-6	1.318631E-11	8.898730E+1
0.000000E+0	4.063527E-6	4.063527E-6	1.576043E-11	8.951074E+1
0.000000E+0	3.682183E-6	3.682183E-6	1.428138E-11	9.003516E+1
5.000000E-2	4.663542E-6	4.663542E-6	1.808759E-11	9.055859E+1
1.000000E-1	5.261810E-6	5.261810E-6	2.040798E-11	9.108203E+1
1.500000E-1	5.950371E-6	5.950371E-6	2.307857E-11	9.160547E+1
2.000000E-1	6.675487E-6	6.675487E-6	2.589094E-11	9.212891E+1
2.500000E-1	7.478847E-6	7.478847E-6	2.900678E-11	9.265234E+1
3.000000E-1	8.202705E-6	8.202705E-6	3.181427E-11	9.317578E+1
3.500000E-1	8.969830E-6	8.969830E-6	3.478957E-11	9.369922E+1
4.000000E-1	9.756823E-6	9.756823E-6	3.784193E-11	9.422266E+1
4.500000E-1	1.049462E-5	1.049462E-5	4.070350E-11	9.474609E+1
5.000000E-1	1.130034E-5	1.130034E-5	4.382848E-11	9.526953E+1
5.000000E-1	1.091020E-5	1.091020E-5	4.231532E-11	9.579297E+1
4.500000E-1	9.592286E-6	9.592286E-6	3.720377E-11	9.631641E+1
4.000000E-1	8.564631E-6	8.564631E-6	3.321800E-11	9.683984E+1
3.500000E-1	7.601100E-6	7.601100E-6	2.948094E-11	9.736328E+1
3.000000E-1	6.728853E-6	6.728853E-6	2.609792E-11	9.788672E+1
2.500000E-1	5.843495E-6	5.843495E-6	2.266405E-11	9.841016E+1
2.000000E-1	5.035749E-6	5.035749E-6	1.953120E-11	9.893359E+1
1.500000E-1	4.211123E-6	4.211123E-6	1.633288E-11	9.945703E+1
1.000000E-1	3.405272E-6	3.405272E-6	1.320738E-11	9.998047E+1
5.000000E-2	2.650358E-6	2.650358E-6	1.027944E-11	1.005039E+2
0.000000E+0	1.883052E-6	1.883052E-6	7.303436E-12	1.010273E+2
-5.000000E-2	1.194292E-6	1.194292E-6	4.632073E-12	1.015508E+2
-1.000000E-1	4.970874E-7	4.970874E-7	1.927958E-12	1.020742E+2
-1.500000E-1	2.045792E-7	-2.045792E-7	-7.934625E-13	1.025977E+2
-2.000000E-1	8.509746E-7	-8.509746E-7	-3.300513E-12	1.031211E+2
-2.500000E-1	1.521375E-6	-1.521375E-6	-5.900669E-12	1.036445E+2
-3.000000E-1	2.149594E-6	-2.149594E-6	-8.337220E-12	1.041680E+2
-3.500000E-1	2.794109E-6	-2.794109E-6	-1.083698E-11	1.046914E+2
-4.000000E-1	3.432826E-6	-3.432826E-6	-1.331425E-11	1.052148E+2
-4.500000E-1	4.051879E-6	-4.051879E-6	-1.571525E-11	1.057383E+2
-5.000000E-1	4.793390E-6	-4.793390E-6	-1.859121E-11	1.062617E+2
-5.000000E-1	4.365316E-6	-4.365316E-6	-1.693092E-11	1.067852E+2
-4.500000E-1	3.052505E-6	-3.052505E-6	-1.183917E-11	1.073086E+2
-4.000000E-1	2.084479E-6	-2.084479E-6	-8.084672E-12	1.078320E+2
-3.500000E-1	1.206833E-6	-1.206833E-6	-4.680714E-12	1.083555E+2
-3.000000E-1	4.495054E-7	-4.495054E-7	-1.743411E-12	1.088789E+2
-2.500000E-1	3.161702E-7	3.161702E-7	1.226269E-12	1.094023E+2
-2.000000E-1	9.917165E-7	9.917165E-7	3.846382E-12	1.099258E+2
-1.500000E-1	1.615426E-6	1.615426E-6	6.265446E-12	1.104492E+2
-1.000000E-1	2.269314E-6	2.269314E-6	8.801557E-12	1.109727E+2
-5.000000E-2	2.895775E-6	2.895775E-6	1.123129E-11	1.114961E+2
0.000000E+0	3.588397E-6	3.588397E-6	1.391763E-11	1.120195E+2
0.000000E+0	3.171829E-6	3.171829E-6	1.230197E-11	1.125439E+2
5.000000E-2	4.095127E-6	4.095127E-6	1.588299E-11	1.130674E+2
1.000000E-1	4.873102E-6	4.873102E-6	1.890037E-11	1.135908E+2
1.500000E-1	5.580247E-6	5.580247E-6	2.164304E-11	1.141143E+2
2.000000E-1	6.316429E-6	6.316429E-6	2.449833E-11	1.146377E+2
2.500000E-1	7.027677E-6	7.027677E-6	2.725691E-11	1.151611E+2
3.000000E-1	7.740672E-6	7.740672E-6	3.002227E-11	1.156846E+2
3.500000E-1	8.499185E-6	8.499185E-6	3.296417E-11	1.162080E+2
4.000000E-1	9.205469E-6	9.205469E-6	3.570350E-11	1.167314E+2
4.500000E-1	9.982185E-6	9.982185E-6	3.871600E-11	1.172549E+2
5.000000E-1	1.071868E-5	1.071868E-5	4.157252E-11	1.177783E+2
5.000000E-1	1.033267E-5	1.033267E-5	4.007536E-11	1.183018E+2
4.500000E-1	9.069976E-6	9.069976E-6	3.517799E-11	1.188252E+2
4.000000E-1	8.053998E-6	8.053998E-6	3.123751E-11	1.193486E+2
3.500000E-1	7.187377E-6	7.187377E-6	2.787631E-11	1.198721E+2
3.000000E-1	6.304030E-6	6.304030E-6	2.445024E-11	1.203955E+2
2.500000E-1	5.497114E-6	5.497114E-6	2.132061E-11	1.209189E+2
2.000000E-1	4.699669E-6	4.699669E-6	1.822771E-11	1.214424E+2
1.500000E-1	3.878407E-6	3.878407E-6	1.504244E-11	1.219658E+2
1.000000E-1	3.140949E-6	3.140949E-6	1.218220E-11	1.224893E+2
5.000000E-2	2.401107E-6	2.401107E-6	9.312717E-12	1.230127E+2
0.000000E+0	1.665824E-6	1.665824E-6	6.460915E-12	1.235361E+2
-5.000000E-2	1.002097E-6	1.002097E-6	3.886641E-12	1.240596E+2
-1.000000E-1	3.112539E-7	3.112539E-7	1.207201E-12	1.245830E+2
-1.500000E-1	3.230831E-7	-3.230831E-7	-1.253081E-12	1.251064E+2
-2.000000E-1	9.828892E-7	-9.828892E-7	-3.812145E-12	1.256299E+2
-2.500000E-1	1.641153E-6	-1.641153E-6	-6.365228E-12	1.261533E+2
-3.000000E-1	2.260999E-6	-2.260999E-6	-8.769305E-12	1.266768E+2
-3.500000E-1	2.898394E-6	-2.898394E-6	-1.124145E-11	1.272002E+2
-4.000000E-1	3.503975E-6	-3.503975E-6	-1.359020E-11	1.277236E+2
-4.500000E-1	4.116749E-6	-4.116749E-6	-1.596685E-11	1.282471E+2
-5.000000E-1	4.760759E-6	-4.760759E-6	-1.846465E-11	1.287705E+2
-5.000000E-1	4.349470E-6	-4.349470E-6	-1.686946E-11	1.292939E+2
-4.500000E-1	3.125376E-6	-3.125376E-6	-1.212180E-11	1.298174E+2
-4.000000E-1	2.171846E-6	-2.171846E-6	-8.423526E-12	1.303408E+2
-3.500000E-1	1.362907E-6	-1.362907E-6	-5.286049E-12	1.308643E+2
-3.000000E-1	6.150007E-7	-6.150007E-7	-2.385286E-12	1.313877E+2
-2.500000E-1	1.218995E-7	1.218995E-7	4.727885E-13	1.319111E+2
-2.000000E-1	7.652641E-7	7.652641E-7	2.968084E-12	1.324346E+2
-1.500000E-1	1.432402E-6	1.432402E-6	5.555584E-12	1.329580E+2
-1.000000E-1	2.047768E-6	2.047768E-6	7.942286E-12	1.334814E+2
-5.000000E-2	2.687904E-6	2.687904E-6	1.042506E-11	1.340049E+2
0.000000E+0	3.359912E-6	3.359912E-6	1.303145E-11	1.345283E+2
0.000000E+0	2.940163E-6	2.940163E-6	1.140345E-11	1.350527E+2
5.000000E-2	3.889489E-6	3.889489E-6	1.508542E-11	1.355762E+2
1.000000E-1	4.612610E-6	4.612610E-6	1.789005E-11	1.360996E+2
1.500000E-1	5.341585E-6	5.341585E-6	2.071739E-11	1.366230E+2
2.000000E-1	6.047114E-6	6.047114E-6	2.345379E-11	1.371465E+2
2.500000E-1	6.714340E-6	6.714340E-6	2.604163E-11	1.376699E+2
3.000000E-1	7.431600E-6	7.431600E-6	2.882353E-11	1.381934E+2
3.500000E-1	8.125735E-6	8.125735E-6	3.151574E-11	1.387168E+2
4.000000E-1	8.848533E-6	8.848533E-6	3.431912E-11	1.392402E+2
4.500000E-1	9.574472E-6	9.574472E-6	3.713468E-11	1.397637E+2
5.000000E-1	1.027072E-5	1.027072E-5	3.983509E-11	1.402871E+2
5.000000E-1	9.916724E-6	9.916724E-6	3.846211E-11	1.408105E+2
4.500000E-1	8.637053E-6	8.637053E-6	3.349889E-11	1.413340E+2
4.000000E-1	7.722644E-6	7.722644E-6	2.995235E-11	1.418574E+2
3.500000E-1	6.837325E-6	6.837325E-6	2.651863E-11	1.423809E+2
3.000000E-1	6.027220E-6	6.027220E-6	2.337663E-11	1.429043E+2
2.500000E-1	5.219915E-6	5.219915E-6	2.024549E-11	1.434277E+2
2.000000E-1	4.426198E-6	4.426198E-6	1.716705E-11	1.439512E+2
1.500000E-1	3.717686E-6	3.717686E-6	1.441908E-11	1.444746E+2
1.000000E-1	2.994189E-6	2.994189E-6	1.161299E-11	1.449980E+2
5.000000E-2	2.267973E-6	2.267973E-6	8.796353E-12	1.455215E+2
0.000000E+0	1.578210E-6	1.578210E-6	6.121104E-12	1.460449E+2
-5.000000E-2	9.202362E-7	9.202362E-7	3.569145E-12	1.465684E+2
-1.000000E-1	3.049850E-7	3.049850E-7	1.182887E-12	1.470918E+2
-1.500000E-1	2.929159E-7	-2.929159E-7	-1.136077E-12	1.476152E+2
-2.000000E-1	8.724058E-6	8.724058E-6	3.383634E-11	1.481387E+2
-2.500000E-1	3.843110E-6	3.843110E-6	1.490554E-11	1.486621E+2
-3.000000E-1	2.251427E-7	2.251427E-7	8.732182E-13	1.491855E+2
-3.500000E-1	2.023551E-6	-2.023551E-6	-7.848361E-12	1.497090E+2
-4.000000E-1	3.331932E-6	-3.331932E-6	-1.292293E-11	1.502324E+2
-4.500000E-1	4.095578E-6	-4.095578E-6	-1.588474E-11	1.507559E+2
-5.000000E-1	4.715126E-6	-4.715126E-6	-1.828766E-11	1.512793E+2
-5.000000E-1	4.320918E-6	-4.320918E-6	-1.675872E-11	1.518027E+2
-4.500000E-1	3.084386E-6	-3.084386E-6	-1.196282E-11	1.523262E+2
-4.000000E-1	2.181292E-6	-2.181292E-6	-8.460163E-12	1.528496E+2
-3.500000E-1	1.346616E-6	-1.346616E-6	-5.222864E-12	1.533730E+2
-3.000000E-1	6.323045E-7	-6.323045E-7	-2.452399E-12	1.538965E+2
-2.500000E-1	9.047287E-8	9.047287E-8	3.508999E-13	1.544199E+2
-2.000000E-1	7.254217E-7	7.254217E-7	2.813555E-12	1.549434E+2
-1.500000E-1	1.342566E-6	1.342566E-6	5.207154E-12	1.554668E+2
-1.000000E-1	1.966254E-6	1.966254E-6	7.626136E-12	1.559902E+2
-5.000000E-2	2.567143E-6	2.567143E-6	9.956688E-12	1.565137E+2
0.000000E+0	3.227668E-6	3.227668E-6	1.251854E-11	1.570371E+2
0.000000E+0	2.815393E-6	2.815393E-6	1.091953E-11	1.575615E+2
5.000000E-2	3.735286E-6	3.735286E-6	1.448734E-11	1.580850E+2
1.000000E-1	4.443424E-6	4.443424E-6	1.723386E-11	1.586084E+2
1.500000E-1	5.128916E-6	5.128916E-6	1.989255E-11	1.591318E+2
2.000000E-1	5.818297E-6	5.818297E-6	2.256632E-11	1.596553E+2
2.500000E-1	6.475057E-6	6.475057E-6	2.511357E-11	1.601787E+2
3.000000E-1	7.171064E-6	7.171064E-6	2.781304E-11	1.607021E+2
3.500000E-1	7.849431E-6	7.849431E-6	3.044409E-11	1.612256E+2
4.000000E-1	8.546015E-6	8.546015E-6	3.314580E-11	1.617490E+2
4.500000E-1	9.242929E-6	9.242929E-6	3.584879E-11	1.622725E+2
5.000000E-1	9.930511E-6	9.930511E-6	3.851558E-11	1.627959E+2
5.000000E-1	9.582398E-6	9.582398E-6	3.716542E-11	1.633193E+2
4.500000E-1	8.353101E-6	8.353101E-6	3.239758E-11	1.638428E+2
4.000000E-1	7.438303E-6	7.438303E-6	2.884953E-11	1.643662E+2
3.500000E-1	6.571321E-6	6.571321E-6	2.548693E-11	1.648896E+2
3.000000E-1	5.781198E-6	5.781198E-6	2.242243E-11	1.654131E+2
2.500000E-1	5.026256E-6	5.026256E-6	1.949438E-11	1.659365E+2
2.000000E-1	4.265662E-6	4.265662E-6	1.654441E-11	1.664600E+2
1.500000E-1	3.556387E-6	3.556387E-6	1.379348E-11	1.669834E+2
1.000000E-1	2.827380E-6	2.827380E-6	1.096602E-11	1.675068E+2
5.000000E-2	2.156353E-6	2.156353E-6	8.363435E-12	1.680303E+2
0.000000E+0	1.471711E-6	1.471711E-6	5.708045E-12	1.685537E+2
-5.000000E-2	8.201919E-7	8.201919E-7	3.181122E-12	1.690771E+2
-1.000000E-1	1.962995E-7	1.962995E-7	7.613493E-13	1.696006E+2
-1.500000E-1	4.534484E-7	-4.534484E-7	-1.758704E-12	1.701240E+2
-2.000000E-1	1.055747E-6	-1.055747E-6	-4.094725E-12	1.706475E+2
-2.500000E-1	1.685461E-6	-1.685461E-6	-6.537076E-12	1.711709E+2
-3.000000E-1	2.286371E-6	-2.286371E-6	-8.867712E-12	1.716943E+2
-3.500000E-1	2.884304E-6	-2.884304E-6	-1.118680E-11	1.722178E+2
-4.000000E-1	3.482706E-6	-3.482706E-6	-1.350771E-11	1.727412E+2
-4.500000E-1	4.047692E-6	-4.047692E-6	-1.569901E-11	1.732646E+2
-5.000000E-1	4.659677E-6	-4.659677E-6	-1.807260E-11	1.737881E+2
-5.000000E-1	4.265995E-6	-4.265995E-6	-1.654570E-11	1.743115E+2
-4.500000E-1	3.072010E-6	-3.072010E-6	-1.191482E-11	1.748350E+2
-4.000000E-1	2.180620E-6	-2.180620E-6	-8.457554E-12	1.753584E+2
-3.500000E-1	1.376493E-6	-1.376493E-6	-5.338743E-12	1.758818E+2
-3.000000E-1	6.696064E-7	-6.696064E-7	-2.597075E-12	1.764053E+2
-2.500000E-1	3.758104E-8	3.758104E-8	1.457584E-13	1.769287E+2
-2.000000E-1	6.587433E-7	6.587433E-7	2.554942E-12	1.774521E+2
-1.500000E-1	1.284181E-6	1.284181E-6	4.980710E-12	1.779756E+2
-1.000000E-1	1.882948E-6	1.882948E-6	7.303033E-12	1.784990E+2
-5.000000E-2	2.478964E-6	2.478964E-6	9.614684E-12	1.790225E+2
0.000000E+0	3.117164E-6	3.117164E-6	1.208995E-11	1.795459E+2
0.000000E+0	2.702760E-6	2.702760E-6	1.048268E-11	1.800703E+2
5.000000E-2	3.610034E-6	3.610034E-6	1.400155E-11	1.805938E+2
1.000000E-1	4.306928E-6	4.306928E-6	1.670446E-11	1.811172E+2
1.500000E-1	4.981130E-6	4.981130E-6	1.931936E-11	1.816406E+2
2.000000E-1	5.645919E-6	5.645919E-6	2.189775E-11	1.821641E+2
2.500000E-1	6.294330E-6	6.294330E-6	2.441262E-11	1.826875E+2
3.000000E-1	6.982507E-6	6.982507E-6	2.708172E-11	1.832109E+2
3.500000E-1	7.638607E-6	7.638607E-6	2.962641E-11	1.837344E+2
4.000000E-1	8.331103E-6	8.331103E-6	3.231226E-11	1.842578E+2
4.500000E-1	9.003582E-6	9.003582E-6	3.492048E-11	1.847813E+2
5.000000E-1	9.686564E-6	9.686564E-6	3.756943E-11	1.853047E+2
5.000000E-1	9.337221E-6	9.337221E-6	3.621450E-11	1.858281E+2
4.500000E-1	8.123571E-6	8.123571E-6	3.150735E-11	1.863516E+2
4.000000E-1	7.243888E-6	7.243888E-6	2.809549E-11	1.868750E+2
3.500000E-1	6.410171E-6	6.410171E-6	2.486191E-11	1.873984E+2
3.000000E-1	5.635536E-6	5.635536E-6	2.185748E-11	1.879219E+2
2.500000E-1	4.944397E-6	4.944397E-6	1.917689E-11	1.884453E+2
2.000000E-1	4.787164E-6	4.787164E-6	1.856706E-11	1.889688E+2
1.500000E-1	4.167173E-6	4.167173E-6	1.616242E-11	1.894922E+2
1.000000E-1	3.910456E-6	3.910456E-6	1.516674E-11	1.900156E+2
5.000000E-2	2.692235E-6	2.692235E-6	1.044186E-11	1.905391E+2
0.000000E+0	9.167689E-7	9.167689E-7	3.555697E-12	1.910625E+2
-5.000000E-2	1.712021E-6	-1.712021E-6	-6.640091E-12	1.915859E+2
-1.000000E-1	2.402481E-6	-2.402481E-6	-9.318046E-12	1.921094E+2
-1.500000E-1	1.477819E-6	-1.477819E-6	-5.731735E-12	1.926328E+2
-2.000000E-1	4.934770E-7	-4.934770E-7	-1.913955E-12	1.931563E+2
-2.500000E-1	2.313447E-6	-2.313447E-6	-8.972725E-12	1.936797E+2
-3.000000E-1	2.810585E-6	-2.810585E-6	-1.090088E-11	1.942031E+2
-3.500000E-1	3.027289E-6	-3.027289E-6	-1.174137E-11	1.947266E+2
-4.000000E-1	3.645661E-6	-3.645661E-6	-1.413973E-11	1.952500E+2
-4.500000E-1	3.529377E-6	-3.529377E-6	-1.368872E-11	1.957734E+2
-5.000000E-1	4.538130E-6	-4.538130E-6	-1.760118E-11	1.962969E+2
-5.000000E-1	4.078087E-6	-4.078087E-6	-1.581690E-11	1.968203E+2
-4.500000E-1	2.935973E-6	-2.935973E-6	-1.138720E-11	1.973438E+2
-4.000000E-1	2.054186E-6	-2.054186E-6	-7.967182E-12	1.978672E+2
-3.500000E-1	1.251252E-6	-1.251252E-6	-4.852993E-12	1.983906E+2
-3.000000E-1	6.051180E-7	-6.051180E-7	-2.346956E-12	1.989141E+2
-2.500000E-1	7.180578E-8	7.180578E-8	2.784994E-13	1.994375E+2
-2.000000E-1	6.794572E-7	6.794572E-7	2.635281E-12	1.999609E+2
-1.500000E-1	1.405695E-6	1.405695E-6	5.452000E-12	2.004844E+2
-1.000000E-1	1.902449E-6	1.902449E-6	7.378667E-12	2.010078E+2
-5.000000E-2	2.492471E-6	2.492471E-6	9.667073E-12	2.015312E+2
0.000000E+0	3.159265E-6	3.159265E-6	1.225324E-11	2.020547E+2
0.000000E+0	2.760014E-6	2.760014E-6	1.070474E-11	2.025791E+2
5.000000E-2	3.632352E-6	3.632352E-6	1.408811E-11	2.031025E+2
1.000000E-1	4.334067E-6	4.334067E-6	1.680972E-11	2.036260E+2
1.500000E-1	5.004907E-6	5.004907E-6	1.941158E-11	2.041494E+2
2.000000E-1	5.638385E-6	5.638385E-6	2.186853E-11	2.046729E+2
2.500000E-1	6.302651E-6	6.302651E-6	2.444489E-11	2.051963E+2
3.000000E-1	6.958949E-6	6.958949E-6	2.699035E-11	2.057197E+2
3.500000E-1	7.564120E-6	7.564120E-6	2.933751E-11	2.062432E+2
4.000000E-1	8.249326E-6	8.249326E-6	3.199509E-11	2.067666E+2
4.500000E-1	8.943531E-6	8.943531E-6	3.468757E-11	2.072900E+2
5.000000E-1	9.555387E-6	9.555387E-6	3.706066E-11	2.078135E+2
5.000000E-1	9.206547E-6	9.206547E-6	3.570768E-11	2.083369E+2
4.500000E-1	8.007143E-6	8.007143E-6	3.105578E-11	2.088604E+2
4.000000E-1	7.086663E-6	7.086663E-6	2.748569E-11	2.093838E+2
3.500000E-1	6.292454E-6	6.292454E-6	2.440534E-11	2.099072E+2
3.000000E-1	5.494451E-6	5.494451E-6	2.131028E-11	2.104307E+2
2.500000E-1	4.778158E-6	4.778158E-6	1.853213E-11	2.109541E+2
2.000000E-1	4.065660E-6	4.065660E-6	1.576870E-11	2.114775E+2
1.500000E-1	3.343112E-6	3.343112E-6	1.296629E-11	2.120010E+2
1.000000E-1	2.799359E-6	2.799359E-6	1.085734E-11	2.125244E+2
5.000000E-2	2.163802E-6	2.163802E-6	8.392328E-12	2.130479E+2
0.000000E+0	1.145909E-6	1.145909E-6	4.444417E-12	2.135713E+2
-5.000000E-2	6.845883E-7	6.845883E-7	2.655182E-12	2.140947E+2
-1.000000E-1	3.939800E-7	3.939800E-7	1.528055E-12	2.146182E+2
-1.500000E-1	5.299201E-9	-5.299201E-9	-2.055300E-14	2.151416E+2
-2.000000E-1	7.627737E-7	-7.627737E-7	-2.958425E-12	2.156650E+2
-2.500000E-1	1.564245E-6	-1.564245E-6	-6.066939E-12	2.161885E+2
-3.000000E-1	2.373524E-6	-2.373524E-6	-9.205733E-12	2.167119E+2
-3.500000E-1	3.182516E-6	-3.182516E-6	-1.234342E-11	2.172354E+2
-4.000000E-1	3.763575E-6	-3.763575E-6	-1.459706E-11	2.177588E+2
-4.500000E-1	4.094522E-6	-4.094522E-6	-1.588064E-11	2.182822E+2
-5.000000E-1	4.623897E-6	-4.623897E-6	-1.793383E-11	2.188057E+2
-5.000000E-1	4.220240E-6	-4.220240E-6	-1.636824E-11	2.193291E+2
-4.500000E-1	2.977389E-6	-2.977389E-6	-1.154783E-11	2.198525E+2
-4.000000E-1	2.222308E-6	-2.222308E-6	-8.619244E-12	2.203760E+2
-3.500000E-1	1.452883E-6	-1.452883E-6	-5.635020E-12	2.208994E+2
-3.000000E-1	6.978988E-7	-6.978988E-7	-2.706807E-12	2.214229E+2
-2.500000E-1	4.951049E-8	-4.951049E-8	-1.920269E-13	2.219463E+2
-2.000000E-1	6.165859E-7	6.165859E-7	2.391434E-12	2.224697E+2
-1.500000E-1	1.052444E-6	1.052444E-6	4.081915E-12	2.229932E+2
-1.000000E-1	1.984141E-6	1.984141E-6	7.695511E-12	2.235166E+2
-5.000000E-2	2.204336E-6	2.204336E-6	8.549536E-12	2.240400E+2
0.000000E+0	3.133021E-6	3.133021E-6	1.215145E-11	2.245635E+2
