voltage_YSR_1_32B	absJ_YSR_1_32B	J_YSR_1_32B	current_YSR_1_32B	time_YSR_1_32B
0.000000E+0	2.685271E-6	2.685271E-6	1.041485E-11	0.000000E+0
5.000000E-2	3.771596E-6	3.771596E-6	1.462817E-11	5.234375E-1
1.000000E-1	5.568387E-6	5.568387E-6	2.159704E-11	1.046875E+0
1.500000E-1	7.341741E-6	7.341741E-6	2.847501E-11	1.570313E+0
2.000000E-1	8.938787E-6	8.938787E-6	3.466917E-11	2.093750E+0
2.500000E-1	1.063097E-5	1.063097E-5	4.123232E-11	2.617188E+0
3.000000E-1	1.218749E-5	1.218749E-5	4.726928E-11	3.140625E+0
3.500000E-1	1.382203E-5	1.382203E-5	5.360888E-11	3.664063E+0
4.000000E-1	1.382029E-5	1.382029E-5	5.360212E-11	4.436523E+0
4.500000E-1	1.543253E-5	1.543253E-5	5.985521E-11	5.332031E+0
5.000000E-1	1.667122E-5	1.667122E-5	6.465950E-11	5.938477E+0
5.000000E-1	1.613397E-5	1.613397E-5	6.257576E-11	6.833984E+0
4.500000E-1	1.553887E-5	1.553887E-5	6.026766E-11	7.357422E+0
4.000000E-1	1.443346E-5	1.443346E-5	5.598032E-11	7.880859E+0
3.500000E-1	1.266768E-5	1.266768E-5	4.913170E-11	8.404297E+0
3.000000E-1	1.094958E-5	1.094958E-5	4.246805E-11	8.927734E+0
2.500000E-1	9.332020E-6	9.332020E-6	3.619433E-11	9.451172E+0
2.000000E-1	7.720662E-6	7.720662E-6	2.994466E-11	9.974609E+0
1.500000E-1	6.117345E-6	6.117345E-6	2.372618E-11	1.049805E+1
1.000000E-1	4.572643E-6	4.572643E-6	1.773504E-11	1.102148E+1
5.000000E-2	3.016308E-6	3.016308E-6	1.169878E-11	1.154492E+1
0.000000E+0	1.482871E-6	1.482871E-6	5.751330E-12	1.206836E+1
-5.000000E-2	6.296068E-8	-6.296068E-8	-2.441936E-13	1.259180E+1
-1.000000E-1	1.555217E-6	-1.555217E-6	-6.031925E-12	1.311523E+1
-1.500000E-1	3.083087E-6	-3.083087E-6	-1.195778E-11	1.363867E+1
-2.000000E-1	4.550258E-6	-4.550258E-6	-1.764822E-11	1.416211E+1
-2.500000E-1	6.055911E-6	-6.055911E-6	-2.348791E-11	1.468555E+1
-3.000000E-1	7.530991E-6	-7.530991E-6	-2.920902E-11	1.520898E+1
-3.500000E-1	8.985336E-6	-8.985336E-6	-3.484971E-11	1.573242E+1
-4.000000E-1	1.045719E-5	-1.045719E-5	-4.055831E-11	1.625586E+1
-4.500000E-1	1.187521E-5	-1.187521E-5	-4.605813E-11	1.677930E+1
-5.000000E-1	1.336397E-5	-1.336397E-5	-5.183230E-11	1.730273E+1
-5.000000E-1	1.306764E-5	-1.306764E-5	-5.068297E-11	1.782617E+1
-4.500000E-1	1.123184E-5	-1.123184E-5	-4.356281E-11	1.834961E+1
-4.000000E-1	9.422720E-6	-9.422720E-6	-3.654611E-11	1.887305E+1
-3.500000E-1	7.700652E-6	-7.700652E-6	-2.986705E-11	1.939648E+1
-3.000000E-1	6.133782E-6	-6.133782E-6	-2.378993E-11	1.991992E+1
-2.500000E-1	4.527941E-6	-4.527941E-6	-1.756166E-11	2.044336E+1
-2.000000E-1	2.986359E-6	-2.986359E-6	-1.158262E-11	2.096680E+1
-1.500000E-1	1.449842E-6	-1.449842E-6	-5.623224E-12	2.149023E+1
-1.000000E-1	8.140233E-8	8.140233E-8	3.157197E-13	2.201367E+1
-5.000000E-2	1.571433E-6	1.571433E-6	6.094819E-12	2.253711E+1
0.000000E+0	3.074663E-6	3.074663E-6	1.192511E-11	2.306055E+1
0.000000E+0	2.870128E-6	2.870128E-6	1.113182E-11	2.358496E+1
5.000000E-2	4.413317E-6	4.413317E-6	1.711709E-11	2.410840E+1
1.000000E-1	5.939044E-6	5.939044E-6	2.303464E-11	2.463184E+1
1.500000E-1	7.426118E-6	7.426118E-6	2.880227E-11	2.515527E+1
2.000000E-1	8.894747E-6	8.894747E-6	3.449836E-11	2.567871E+1
2.500000E-1	1.030157E-5	1.030157E-5	3.995474E-11	2.620215E+1
3.000000E-1	1.177064E-5	1.177064E-5	4.565252E-11	2.672559E+1
3.500000E-1	1.317445E-5	1.317445E-5	5.109722E-11	2.724902E+1
4.000000E-1	1.451507E-5	1.451507E-5	5.629684E-11	2.777246E+1
4.500000E-1	1.442081E-5	1.442081E-5	5.593126E-11	2.854492E+1
5.000000E-1	1.565473E-5	1.565473E-5	6.071703E-11	2.944043E+1
5.000000E-1	1.538485E-5	1.538485E-5	5.967027E-11	3.004688E+1
4.500000E-1	1.475114E-5	1.475114E-5	5.721244E-11	3.094238E+1
4.000000E-1	1.373209E-5	1.373209E-5	5.326006E-11	3.146582E+1
3.500000E-1	1.202179E-5	1.202179E-5	4.662663E-11	3.198926E+1
3.000000E-1	1.038910E-5	1.038910E-5	4.029421E-11	3.251270E+1
2.500000E-1	8.851944E-6	8.851944E-6	3.433235E-11	3.303613E+1
2.000000E-1	7.388622E-6	7.388622E-6	2.865684E-11	3.355957E+1
1.500000E-1	5.900690E-6	5.900690E-6	2.288588E-11	3.408301E+1
1.000000E-1	4.487090E-6	4.487090E-6	1.740322E-11	3.460645E+1
5.000000E-2	3.049406E-6	3.049406E-6	1.182715E-11	3.512988E+1
0.000000E+0	1.618750E-6	1.618750E-6	6.278339E-12	3.565332E+1
-5.000000E-2	2.082719E-7	2.082719E-7	8.077844E-13	3.617676E+1
-1.000000E-1	1.205627E-6	-1.205627E-6	-4.676037E-12	3.670020E+1
-1.500000E-1	2.585901E-6	-2.585901E-6	-1.002944E-11	3.722363E+1
-2.000000E-1	3.983422E-6	-3.983422E-6	-1.544974E-11	3.774707E+1
-2.500000E-1	5.352672E-6	-5.352672E-6	-2.076039E-11	3.827051E+1
-3.000000E-1	6.731238E-6	-6.731238E-6	-2.610717E-11	3.879395E+1
-3.500000E-1	8.096812E-6	-8.096812E-6	-3.140356E-11	3.931738E+1
-4.000000E-1	9.442927E-6	-9.442927E-6	-3.662448E-11	3.984082E+1
-4.500000E-1	1.081002E-5	-1.081002E-5	-4.192678E-11	4.036426E+1
-5.000000E-1	1.213105E-5	-1.213105E-5	-4.705038E-11	4.088770E+1
-5.000000E-1	1.197118E-5	-1.197118E-5	-4.643035E-11	4.141113E+1
-4.500000E-1	1.014447E-5	-1.014447E-5	-3.934544E-11	4.193457E+1
-4.000000E-1	8.447918E-6	-8.447918E-6	-3.276533E-11	4.245801E+1
-3.500000E-1	6.926233E-6	-6.926233E-6	-2.686346E-11	4.298145E+1
-3.000000E-1	5.413319E-6	-5.413319E-6	-2.099561E-11	4.350488E+1
-2.500000E-1	3.970853E-6	-3.970853E-6	-1.540099E-11	4.402832E+1
-2.000000E-1	2.535677E-6	-2.535677E-6	-9.834647E-12	4.455176E+1
-1.500000E-1	1.114049E-6	-1.114049E-6	-4.320849E-12	4.507520E+1
-1.000000E-1	2.834661E-7	2.834661E-7	1.099426E-12	4.559863E+1
-5.000000E-2	1.691873E-6	1.691873E-6	6.561945E-12	4.612207E+1
0.000000E+0	3.069519E-6	3.069519E-6	1.190516E-11	4.664551E+1
0.000000E+0	2.919163E-6	2.919163E-6	1.132200E-11	4.716992E+1
5.000000E-2	4.314315E-6	4.314315E-6	1.673311E-11	4.769336E+1
1.000000E-1	5.736492E-6	5.736492E-6	2.224904E-11	4.821680E+1
1.500000E-1	7.131490E-6	7.131490E-6	2.765955E-11	4.874023E+1
2.000000E-1	8.480286E-6	8.480286E-6	3.289087E-11	4.926367E+1
2.500000E-1	9.844447E-6	9.844447E-6	3.818178E-11	4.978711E+1
3.000000E-1	1.118024E-5	1.118024E-5	4.336267E-11	5.031055E+1
3.500000E-1	1.251124E-5	1.251124E-5	4.852498E-11	5.083398E+1
4.000000E-1	1.382908E-5	1.382908E-5	5.363623E-11	5.135742E+1
4.500000E-1	1.486124E-5	1.486124E-5	5.763945E-11	5.188086E+1
5.000000E-1	1.564556E-5	1.564556E-5	6.068145E-11	5.240430E+1
5.000000E-1	1.467034E-5	1.467034E-5	5.689904E-11	5.300977E+1
4.500000E-1	1.421807E-5	1.421807E-5	5.514492E-11	5.390527E+1
4.000000E-1	1.302385E-5	1.302385E-5	5.051313E-11	5.442871E+1
3.500000E-1	1.141652E-5	1.141652E-5	4.427908E-11	5.495215E+1
3.000000E-1	9.908229E-6	9.908229E-6	3.842916E-11	5.547559E+1
2.500000E-1	8.464004E-6	8.464004E-6	3.282772E-11	5.599902E+1
2.000000E-1	7.099552E-6	7.099552E-6	2.753568E-11	5.652246E+1
1.500000E-1	5.674935E-6	5.674935E-6	2.201029E-11	5.704590E+1
1.000000E-1	4.365868E-6	4.365868E-6	1.693306E-11	5.756934E+1
5.000000E-2	3.001055E-6	3.001055E-6	1.163962E-11	5.809277E+1
0.000000E+0	1.651154E-6	1.651154E-6	6.404016E-12	5.861621E+1
-5.000000E-2	3.203316E-7	3.203316E-7	1.242409E-12	5.914063E+1
-1.000000E-1	1.049417E-6	-1.049417E-6	-4.070175E-12	5.966406E+1
-1.500000E-1	2.339767E-6	-2.339767E-6	-9.074810E-12	6.018750E+1
-2.000000E-1	3.659140E-6	-3.659140E-6	-1.419201E-11	6.071094E+1
-2.500000E-1	4.966124E-6	-4.966124E-6	-1.926116E-11	6.123437E+1
-3.000000E-1	6.269352E-6	-6.269352E-6	-2.431574E-11	6.175781E+1
-3.500000E-1	7.568552E-6	-7.568552E-6	-2.935470E-11	6.228125E+1
-4.000000E-1	8.858677E-6	-8.858677E-6	-3.435846E-11	6.280469E+1
-4.500000E-1	1.016294E-5	-1.016294E-5	-3.941705E-11	6.332813E+1
-5.000000E-1	1.144328E-5	-1.144328E-5	-4.438286E-11	6.385156E+1
-5.000000E-1	1.126369E-5	-1.126369E-5	-4.368633E-11	6.437500E+1
-4.500000E-1	9.515356E-6	-9.515356E-6	-3.690540E-11	6.489844E+1
-4.000000E-1	7.883964E-6	-7.883964E-6	-3.057803E-11	6.542187E+1
-3.500000E-1	6.440956E-6	-6.440956E-6	-2.498131E-11	6.594531E+1
-3.000000E-1	5.027589E-6	-5.027589E-6	-1.949955E-11	6.646875E+1
-2.500000E-1	3.646803E-6	-3.646803E-6	-1.414416E-11	6.699219E+1
-2.000000E-1	2.280779E-6	-2.280779E-6	-8.846021E-12	6.751563E+1
-1.500000E-1	8.992578E-7	-8.992578E-7	-3.487780E-12	6.803906E+1
-1.000000E-1	4.051402E-7	4.051402E-7	1.571340E-12	6.856250E+1
-5.000000E-2	1.761550E-6	1.761550E-6	6.832188E-12	6.908594E+1
0.000000E+0	3.067426E-6	3.067426E-6	1.189704E-11	6.960938E+1
0.000000E+0	2.900019E-6	2.900019E-6	1.124775E-11	7.013281E+1
5.000000E-2	4.254250E-6	4.254250E-6	1.650015E-11	7.065625E+1
1.000000E-1	5.612520E-6	5.612520E-6	2.176821E-11	7.117969E+1
1.500000E-1	6.949422E-6	6.949422E-6	2.695340E-11	7.170313E+1
2.000000E-1	8.251989E-6	8.251989E-6	3.200542E-11	7.222656E+1
2.500000E-1	9.539038E-6	9.539038E-6	3.699725E-11	7.275000E+1
3.000000E-1	1.081608E-5	1.081608E-5	4.195028E-11	7.327344E+1
3.500000E-1	1.209219E-5	1.209219E-5	4.689966E-11	7.379687E+1
4.000000E-1	1.337369E-5	1.337369E-5	5.186997E-11	7.432031E+1
4.500000E-1	1.453347E-5	1.453347E-5	5.636819E-11	7.484375E+1
5.000000E-1	1.533103E-5	1.533103E-5	5.946153E-11	7.536719E+1
5.000000E-1	1.423612E-5	1.423612E-5	5.521494E-11	7.597266E+1
4.500000E-1	1.349232E-5	1.349232E-5	5.233011E-11	7.686816E+1
4.000000E-1	1.260225E-5	1.260225E-5	4.887796E-11	7.739160E+1
3.500000E-1	1.105032E-5	1.105032E-5	4.285877E-11	7.791504E+1
3.000000E-1	9.606010E-6	9.606010E-6	3.725700E-11	7.843848E+1
2.500000E-1	8.163706E-6	8.163706E-6	3.166301E-11	7.896191E+1
2.000000E-1	6.897495E-6	6.897495E-6	2.675200E-11	7.948535E+1
1.500000E-1	5.560450E-6	5.560450E-6	2.156626E-11	8.000879E+1
1.000000E-1	4.256976E-6	4.256976E-6	1.651072E-11	8.053223E+1
5.000000E-2	2.951461E-6	2.951461E-6	1.144727E-11	8.105566E+1
0.000000E+0	1.592401E-6	1.592401E-6	6.176143E-12	8.157910E+1
-5.000000E-2	3.658668E-7	3.658668E-7	1.419018E-12	8.210352E+1
-1.000000E-1	9.416084E-7	-9.416084E-7	-3.652037E-12	8.262695E+1
-1.500000E-1	2.201029E-6	-2.201029E-6	-8.536713E-12	8.315039E+1
-2.000000E-1	3.475650E-6	-3.475650E-6	-1.348034E-11	8.367383E+1
-2.500000E-1	4.745233E-6	-4.745233E-6	-1.840443E-11	8.419727E+1
-3.000000E-1	5.995347E-6	-5.995347E-6	-2.325301E-11	8.472070E+1
-3.500000E-1	7.262014E-6	-7.262014E-6	-2.816579E-11	8.524414E+1
-4.000000E-1	8.512855E-6	-8.512855E-6	-3.301719E-11	8.576758E+1
-4.500000E-1	9.762227E-6	-9.762227E-6	-3.786289E-11	8.629102E+1
-5.000000E-1	1.101632E-5	-1.101632E-5	-4.272691E-11	8.681445E+1
-5.000000E-1	1.077612E-5	-1.077612E-5	-4.179530E-11	8.733789E+1
-4.500000E-1	9.118147E-6	-9.118147E-6	-3.536482E-11	8.786133E+1
-4.000000E-1	7.541941E-6	-7.541941E-6	-2.925149E-11	8.838477E+1
-3.500000E-1	6.139124E-6	-6.139124E-6	-2.381065E-11	8.890820E+1
-3.000000E-1	4.772204E-6	-4.772204E-6	-1.850904E-11	8.943164E+1
-2.500000E-1	3.432326E-6	-3.432326E-6	-1.331231E-11	8.995508E+1
-2.000000E-1	2.119069E-6	-2.119069E-6	-8.218828E-12	9.047852E+1
-1.500000E-1	7.609237E-7	-7.609237E-7	-2.951250E-12	9.100195E+1
-1.000000E-1	4.924608E-7	4.924608E-7	1.910014E-12	9.152539E+1
-5.000000E-2	1.801059E-6	1.801059E-6	6.985426E-12	9.204883E+1
0.000000E+0	3.065185E-6	3.065185E-6	1.188835E-11	9.257227E+1
0.000000E+0	2.874104E-6	2.874104E-6	1.114724E-11	9.309668E+1
5.000000E-2	4.209834E-6	4.209834E-6	1.632788E-11	9.362012E+1
1.000000E-1	5.530887E-6	5.530887E-6	2.145160E-11	9.414355E+1
1.500000E-1	6.824859E-6	6.824859E-6	2.647028E-11	9.466699E+1
2.000000E-1	8.083551E-6	8.083551E-6	3.135213E-11	9.519043E+1
2.500000E-1	9.337448E-6	9.337448E-6	3.621538E-11	9.571387E+1
3.000000E-1	1.058463E-5	1.058463E-5	4.105258E-11	9.623730E+1
3.500000E-1	1.180755E-5	1.180755E-5	4.579571E-11	9.676074E+1
4.000000E-1	1.306718E-5	1.306718E-5	5.068120E-11	9.728418E+1
4.500000E-1	1.427201E-5	1.427201E-5	5.535414E-11	9.780762E+1
5.000000E-1	1.510854E-5	1.510854E-5	5.859861E-11	9.833105E+1
5.000000E-1	1.364184E-5	1.364184E-5	5.291001E-11	9.893652E+1
4.500000E-1	1.338487E-5	1.338487E-5	5.191336E-11	9.983203E+1
4.000000E-1	1.226524E-5	1.226524E-5	4.757084E-11	1.003555E+2
3.500000E-1	1.076764E-5	1.076764E-5	4.176239E-11	1.008789E+2
3.000000E-1	9.371227E-6	9.371227E-6	3.634639E-11	1.014023E+2
2.500000E-1	7.985934E-6	7.985934E-6	3.097352E-11	1.019258E+2
2.000000E-1	6.732341E-6	6.732341E-6	2.611145E-11	1.024492E+2
1.500000E-1	5.368423E-6	5.368423E-6	2.082148E-11	1.029727E+2
1.000000E-1	4.170285E-6	4.170285E-6	1.617449E-11	1.034961E+2
5.000000E-2	2.885856E-6	2.885856E-6	1.119282E-11	1.040195E+2
0.000000E+0	1.623953E-6	1.623953E-6	6.298517E-12	1.045430E+2
-5.000000E-2	3.798142E-7	3.798142E-7	1.473113E-12	1.050674E+2
-1.000000E-1	9.472188E-7	-9.472188E-7	-3.673797E-12	1.055908E+2
-1.500000E-1	2.107494E-6	-2.107494E-6	-8.173934E-12	1.061143E+2
-2.000000E-1	3.386347E-6	-3.386347E-6	-1.313398E-11	1.066377E+2
-2.500000E-1	4.585290E-6	-4.585290E-6	-1.778409E-11	1.071611E+2
-3.000000E-1	5.816987E-6	-5.816987E-6	-2.256124E-11	1.076846E+2
-3.500000E-1	7.061481E-6	-7.061481E-6	-2.738802E-11	1.082080E+2
-4.000000E-1	8.249251E-6	-8.249251E-6	-3.199480E-11	1.087314E+2
-4.500000E-1	9.483950E-6	-9.483950E-6	-3.678359E-11	1.092549E+2
-5.000000E-1	1.067812E-5	-1.067812E-5	-4.141520E-11	1.097783E+2
-5.000000E-1	1.050331E-5	-1.050331E-5	-4.073718E-11	1.103018E+2
-4.500000E-1	8.816271E-6	-8.816271E-6	-3.419399E-11	1.108252E+2
-4.000000E-1	7.317553E-6	-7.317553E-6	-2.838120E-11	1.113486E+2
-3.500000E-1	5.930783E-6	-5.930783E-6	-2.300260E-11	1.118721E+2
-3.000000E-1	4.586654E-6	-4.586654E-6	-1.778938E-11	1.123955E+2
-2.500000E-1	3.295207E-6	-3.295207E-6	-1.278049E-11	1.129189E+2
-2.000000E-1	1.965159E-6	-1.965159E-6	-7.621889E-12	1.134424E+2
-1.500000E-1	7.314259E-7	-7.314259E-7	-2.836842E-12	1.139658E+2
-1.000000E-1	5.279451E-7	5.279451E-7	2.047640E-12	1.144893E+2
-5.000000E-2	1.818481E-6	1.818481E-6	7.052997E-12	1.150127E+2
0.000000E+0	3.030017E-6	3.030017E-6	1.175195E-11	1.155361E+2
0.000000E+0	2.889654E-6	2.889654E-6	1.120755E-11	1.160596E+2
5.000000E-2	4.134222E-6	4.134222E-6	1.603462E-11	1.165830E+2
1.000000E-1	5.443016E-6	5.443016E-6	2.111079E-11	1.171064E+2
1.500000E-1	6.700430E-6	6.700430E-6	2.598768E-11	1.176299E+2
2.000000E-1	7.924619E-6	7.924619E-6	3.073571E-11	1.181533E+2
2.500000E-1	9.183946E-6	9.183946E-6	3.562002E-11	1.186768E+2
3.000000E-1	1.036582E-5	1.036582E-5	4.020393E-11	1.192002E+2
3.500000E-1	1.160633E-5	1.160633E-5	4.501527E-11	1.197236E+2
4.000000E-1	1.278952E-5	1.278952E-5	4.960427E-11	1.202471E+2
4.500000E-1	1.398856E-5	1.398856E-5	5.425478E-11	1.207705E+2
5.000000E-1	1.359195E-5	1.359195E-5	5.271650E-11	1.217109E+2
5.000000E-1	1.429109E-5	1.429109E-5	5.542813E-11	1.226064E+2
4.500000E-1	1.338871E-5	1.338871E-5	5.192824E-11	1.231299E+2
4.000000E-1	1.187270E-5	1.187270E-5	4.604839E-11	1.236533E+2
3.500000E-1	1.046167E-5	1.046167E-5	4.057568E-11	1.241768E+2
3.000000E-1	9.060450E-6	9.060450E-6	3.514104E-11	1.247002E+2
2.500000E-1	7.848850E-6	7.848850E-6	3.044184E-11	1.252236E+2
2.000000E-1	6.503877E-6	6.503877E-6	2.522535E-11	1.257471E+2
1.500000E-1	5.320026E-6	5.320026E-6	2.063377E-11	1.262705E+2
1.000000E-1	4.066132E-6	4.066132E-6	1.577053E-11	1.267939E+2
5.000000E-2	2.772854E-6	2.772854E-6	1.075454E-11	1.273174E+2
0.000000E+0	1.609912E-6	1.609912E-6	6.244061E-12	1.278408E+2
-5.000000E-2	2.727819E-7	2.727819E-7	1.057987E-12	1.283643E+2
-1.000000E-1	8.585889E-7	-8.585889E-7	-3.330045E-12	1.288877E+2
-1.500000E-1	2.106388E-6	-2.106388E-6	-8.169646E-12	1.294111E+2
-2.000000E-1	3.296632E-6	-3.296632E-6	-1.278602E-11	1.299346E+2
-2.500000E-1	4.500556E-6	-4.500556E-6	-1.745545E-11	1.304580E+2
-3.000000E-1	5.732266E-6	-5.732266E-6	-2.223265E-11	1.309814E+2
-3.500000E-1	6.898103E-6	-6.898103E-6	-2.675436E-11	1.315049E+2
-4.000000E-1	8.114700E-6	-8.114700E-6	-3.147294E-11	1.320283E+2
-4.500000E-1	9.295591E-6	-9.295591E-6	-3.605304E-11	1.325518E+2
-5.000000E-1	1.052946E-5	-1.052946E-5	-4.083860E-11	1.330752E+2
-5.000000E-1	1.029534E-5	-1.029534E-5	-3.993059E-11	1.335986E+2
-4.500000E-1	8.633812E-6	-8.633812E-6	-3.348632E-11	1.341221E+2
-4.000000E-1	7.179485E-6	-7.179485E-6	-2.784570E-11	1.346455E+2
-3.500000E-1	5.790892E-6	-5.790892E-6	-2.246003E-11	1.351689E+2
-3.000000E-1	4.504081E-6	-4.504081E-6	-1.746912E-11	1.356924E+2
-2.500000E-1	3.219768E-6	-3.219768E-6	-1.248790E-11	1.362158E+2
-2.000000E-1	1.950128E-6	-1.950128E-6	-7.563589E-12	1.367393E+2
-1.500000E-1	7.013194E-7	-7.013194E-7	-2.720074E-12	1.372627E+2
-1.000000E-1	6.177094E-7	6.177094E-7	2.395792E-12	1.377861E+2
-5.000000E-2	1.787634E-6	1.787634E-6	6.933357E-12	1.383096E+2
0.000000E+0	3.060848E-6	3.060848E-6	1.187153E-11	1.388330E+2
0.000000E+0	2.840962E-6	2.840962E-6	1.101870E-11	1.393574E+2
5.000000E-2	4.105884E-6	4.105884E-6	1.592471E-11	1.398809E+2
1.000000E-1	5.399827E-6	5.399827E-6	2.094328E-11	1.404043E+2
1.500000E-1	6.617596E-6	6.617596E-6	2.566641E-11	1.409277E+2
2.000000E-1	7.867231E-6	7.867231E-6	3.051313E-11	1.414512E+2
2.500000E-1	9.046592E-6	9.046592E-6	3.508729E-11	1.419746E+2
3.000000E-1	1.025942E-5	1.025942E-5	3.979127E-11	1.424980E+2
3.500000E-1	1.145700E-5	1.145700E-5	4.443607E-11	1.430215E+2
4.000000E-1	1.262618E-5	1.262618E-5	4.897074E-11	1.435449E+2
4.500000E-1	1.385509E-5	1.385509E-5	5.373709E-11	1.440684E+2
5.000000E-1	1.477936E-5	1.477936E-5	5.732190E-11	1.445918E+2
5.000000E-1	1.465813E-5	1.465813E-5	5.685171E-11	1.451152E+2
4.500000E-1	1.317215E-5	1.317215E-5	5.108829E-11	1.456387E+2
4.000000E-1	1.170425E-5	1.170425E-5	4.539503E-11	1.461621E+2
3.500000E-1	1.037386E-5	1.037386E-5	4.023510E-11	1.466855E+2
3.000000E-1	9.003913E-6	9.003913E-6	3.492176E-11	1.472090E+2
2.500000E-1	7.805029E-6	7.805029E-6	3.027188E-11	1.477324E+2
2.000000E-1	6.519461E-6	6.519461E-6	2.528579E-11	1.482559E+2
1.500000E-1	5.256370E-6	5.256370E-6	2.038688E-11	1.487793E+2
1.000000E-1	4.065322E-6	4.065322E-6	1.576739E-11	1.493027E+2
5.000000E-2	2.752831E-6	2.752831E-6	1.067688E-11	1.498262E+2
0.000000E+0	1.621960E-6	1.621960E-6	6.290787E-12	1.503496E+2
-5.000000E-2	3.719351E-7	3.719351E-7	1.442554E-12	1.508730E+2
-1.000000E-1	8.340034E-7	-8.340034E-7	-3.234690E-12	1.513965E+2
-1.500000E-1	2.016860E-6	-2.016860E-6	-7.822409E-12	1.519199E+2
-2.000000E-1	3.250829E-6	-3.250829E-6	-1.260837E-11	1.524434E+2
-2.500000E-1	4.416869E-6	-4.416869E-6	-1.713087E-11	1.529668E+2
-3.000000E-1	5.613450E-6	-5.613450E-6	-2.177182E-11	1.534902E+2
-3.500000E-1	6.790696E-6	-6.790696E-6	-2.633778E-11	1.540137E+2
-4.000000E-1	7.979550E-6	-7.979550E-6	-3.094876E-11	1.545371E+2
-4.500000E-1	9.181710E-6	-9.181710E-6	-3.561135E-11	1.550605E+2
-5.000000E-1	1.032007E-5	-1.032007E-5	-4.002648E-11	1.555840E+2
-5.000000E-1	1.015412E-5	-1.015412E-5	-3.938287E-11	1.561074E+2
-4.500000E-1	8.483300E-6	-8.483300E-6	-3.290256E-11	1.566309E+2
-4.000000E-1	7.043783E-6	-7.043783E-6	-2.731938E-11	1.571543E+2
-3.500000E-1	5.692519E-6	-5.692519E-6	-2.207849E-11	1.576777E+2
-3.000000E-1	4.363952E-6	-4.363952E-6	-1.692563E-11	1.582012E+2
-2.500000E-1	3.136251E-6	-3.136251E-6	-1.216398E-11	1.587246E+2
-2.000000E-1	1.841117E-6	-1.841117E-6	-7.140788E-12	1.592480E+2
-1.500000E-1	6.563890E-7	-6.563890E-7	-2.545811E-12	1.597715E+2
-1.000000E-1	5.788010E-7	5.788010E-7	2.244885E-12	1.602949E+2
-5.000000E-2	1.874558E-6	1.874558E-6	7.270490E-12	1.608184E+2
0.000000E+0	3.022287E-6	3.022287E-6	1.172197E-11	1.613418E+2
0.000000E+0	2.874504E-6	2.874504E-6	1.114879E-11	1.618662E+2
5.000000E-2	4.104149E-6	4.104149E-6	1.591798E-11	1.623896E+2
1.000000E-1	5.363135E-6	5.363135E-6	2.080097E-11	1.629131E+2
1.500000E-1	6.612664E-6	6.612664E-6	2.564728E-11	1.634365E+2
2.000000E-1	7.785058E-6	7.785058E-6	3.019442E-11	1.639600E+2
2.500000E-1	9.014897E-6	9.014897E-6	3.496436E-11	1.644834E+2
3.000000E-1	1.017402E-5	1.017402E-5	3.946003E-11	1.650068E+2
3.500000E-1	1.137058E-5	1.137058E-5	4.410092E-11	1.655303E+2
4.000000E-1	1.255692E-5	1.255692E-5	4.870212E-11	1.660537E+2
4.500000E-1	1.369631E-5	1.369631E-5	5.312126E-11	1.665771E+2
5.000000E-1	1.473039E-5	1.473039E-5	5.713197E-11	1.671006E+2
5.000000E-1	1.451678E-5	1.451678E-5	5.630347E-11	1.676240E+2
4.500000E-1	1.304987E-5	1.304987E-5	5.061403E-11	1.681475E+2
4.000000E-1	1.159854E-5	1.159854E-5	4.498506E-11	1.686709E+2
3.500000E-1	1.020582E-5	1.020582E-5	3.958338E-11	1.691943E+2
3.000000E-1	8.985215E-6	8.985215E-6	3.484924E-11	1.697178E+2
2.500000E-1	7.648399E-6	7.648399E-6	2.966439E-11	1.702412E+2
2.000000E-1	6.467969E-6	6.467969E-6	2.508608E-11	1.707646E+2
1.500000E-1	5.222756E-6	5.222756E-6	2.025651E-11	1.712881E+2
1.000000E-1	3.973993E-6	3.973993E-6	1.541317E-11	1.718115E+2
5.000000E-2	2.813326E-6	2.813326E-6	1.091151E-11	1.723350E+2
0.000000E+0	1.518112E-6	1.518112E-6	5.888012E-12	1.728584E+2
-5.000000E-2	4.026856E-7	4.026856E-7	1.561820E-12	1.733818E+2
-1.000000E-1	8.329192E-7	-8.329192E-7	-3.230485E-12	1.739053E+2
-1.500000E-1	2.008516E-6	-2.008516E-6	-7.790046E-12	1.744287E+2
-2.000000E-1	3.173149E-6	-3.173149E-6	-1.230709E-11	1.749521E+2
-2.500000E-1	4.406167E-6	-4.406167E-6	-1.708936E-11	1.754756E+2
-3.000000E-1	5.531947E-6	-5.531947E-6	-2.145571E-11	1.759990E+2
-3.500000E-1	6.731563E-6	-6.731563E-6	-2.610843E-11	1.765225E+2
-4.000000E-1	7.885109E-6	-7.885109E-6	-3.058247E-11	1.770459E+2
-4.500000E-1	9.078194E-6	-9.078194E-6	-3.520986E-11	1.775693E+2
-5.000000E-1	1.024392E-5	-1.024392E-5	-3.973114E-11	1.780928E+2
-5.000000E-1	9.974820E-6	-9.974820E-6	-3.868743E-11	1.786162E+2
-4.500000E-1	8.412979E-6	-8.412979E-6	-3.262982E-11	1.791396E+2
-4.000000E-1	6.935943E-6	-6.935943E-6	-2.690112E-11	1.796631E+2
-3.500000E-1	5.613368E-6	-5.613368E-6	-2.177150E-11	1.801865E+2
-3.000000E-1	4.330256E-6	-4.330256E-6	-1.679494E-11	1.807100E+2
-2.500000E-1	3.030288E-6	-3.030288E-6	-1.175300E-11	1.812334E+2
-2.000000E-1	1.838365E-6	-1.838365E-6	-7.130116E-12	1.817568E+2
-1.500000E-1	5.493781E-7	-5.493781E-7	-2.130768E-12	1.822803E+2
-1.000000E-1	6.042914E-7	6.042914E-7	2.343750E-12	1.828037E+2
-5.000000E-2	1.833678E-6	1.833678E-6	7.111936E-12	1.833271E+2
0.000000E+0	3.072825E-6	3.072825E-6	1.191798E-11	1.838506E+2
0.000000E+0	2.823183E-6	2.823183E-6	1.094974E-11	1.843750E+2
5.000000E-2	4.096071E-6	4.096071E-6	1.588665E-11	1.848984E+2
1.000000E-1	5.336736E-6	5.336736E-6	2.069858E-11	1.854219E+2
1.500000E-1	6.570326E-6	6.570326E-6	2.548307E-11	1.859453E+2
2.000000E-1	7.749570E-6	7.749570E-6	3.005678E-11	1.864688E+2
2.500000E-1	8.915907E-6	8.915907E-6	3.458043E-11	1.869922E+2
3.000000E-1	1.014783E-5	1.014783E-5	3.935846E-11	1.875156E+2
3.500000E-1	1.127519E-5	1.127519E-5	4.373093E-11	1.880391E+2
4.000000E-1	1.247599E-5	1.247599E-5	4.838823E-11	1.885625E+2
4.500000E-1	1.360366E-5	1.360366E-5	5.276193E-11	1.890859E+2
5.000000E-1	1.462695E-5	1.462695E-5	5.673075E-11	1.896094E+2
5.000000E-1	1.449425E-5	1.449425E-5	5.621609E-11	1.901328E+2
4.500000E-1	1.292782E-5	1.292782E-5	5.014068E-11	1.906562E+2
4.000000E-1	1.151947E-5	1.151947E-5	4.467838E-11	1.911797E+2
3.500000E-1	1.015438E-5	1.015438E-5	3.938384E-11	1.917031E+2
3.000000E-1	8.876242E-6	8.876242E-6	3.442659E-11	1.922266E+2
2.500000E-1	7.665365E-6	7.665365E-6	2.973019E-11	1.927500E+2
2.000000E-1	6.354833E-6	6.354833E-6	2.464728E-11	1.932734E+2
1.500000E-1	5.216329E-6	5.216329E-6	2.023158E-11	1.937969E+2
1.000000E-1	3.956406E-6	3.956406E-6	1.534496E-11	1.943203E+2
5.000000E-2	2.751895E-6	2.751895E-6	1.067325E-11	1.948438E+2
0.000000E+0	1.594373E-6	1.594373E-6	6.183790E-12	1.953672E+2
-5.000000E-2	3.105095E-7	3.105095E-7	1.204314E-12	1.958906E+2
-1.000000E-1	7.837093E-7	-7.837093E-7	-3.039624E-12	1.964141E+2
-1.500000E-1	2.013303E-6	-2.013303E-6	-7.808615E-12	1.969375E+2
-2.000000E-1	3.143643E-6	-3.143643E-6	-1.219265E-11	1.974609E+2
-2.500000E-1	4.314034E-6	-4.314034E-6	-1.673202E-11	1.979844E+2
-3.000000E-1	5.531769E-6	-5.531769E-6	-2.145502E-11	1.985078E+2
-3.500000E-1	6.647159E-6	-6.647159E-6	-2.578107E-11	1.990312E+2
-4.000000E-1	7.837202E-6	-7.837202E-6	-3.039666E-11	1.995547E+2
-4.500000E-1	8.972872E-6	-8.972872E-6	-3.480137E-11	2.000781E+2
-5.000000E-1	1.016678E-5	-1.016678E-5	-3.943197E-11	2.006016E+2
-5.000000E-1	9.929139E-6	-9.929139E-6	-3.851026E-11	2.011250E+2
-4.500000E-1	8.288065E-6	-8.288065E-6	-3.214534E-11	2.016484E+2
-4.000000E-1	6.874234E-6	-6.874234E-6	-2.666178E-11	2.021719E+2
-3.500000E-1	5.535103E-6	-5.535103E-6	-2.146795E-11	2.026953E+2
-3.000000E-1	4.284342E-6	-4.284342E-6	-1.661686E-11	2.032188E+2
-2.500000E-1	3.032559E-6	-3.032559E-6	-1.176181E-11	2.037422E+2
-2.000000E-1	1.737498E-6	-1.737498E-6	-6.738901E-12	2.042656E+2
-1.500000E-1	5.879359E-7	-5.879359E-7	-2.280315E-12	2.047891E+2
-1.000000E-1	6.895904E-7	6.895904E-7	2.674583E-12	2.053125E+2
-5.000000E-2	1.827813E-6	1.827813E-6	7.089190E-12	2.058359E+2
0.000000E+0	3.022120E-6	3.022120E-6	1.172132E-11	2.063594E+2
0.000000E+0	2.872606E-6	2.872606E-6	1.114143E-11	2.068838E+2
5.000000E-2	4.063280E-6	4.063280E-6	1.575947E-11	2.074072E+2
1.000000E-1	5.360838E-6	5.360838E-6	2.079206E-11	2.079307E+2
1.500000E-1	6.515539E-6	6.515539E-6	2.527058E-11	2.084541E+2
2.000000E-1	7.720865E-6	7.720865E-6	2.994545E-11	2.089775E+2
2.500000E-1	8.904617E-6	8.904617E-6	3.453664E-11	2.095010E+2
3.000000E-1	1.003917E-5	1.003917E-5	3.893701E-11	2.100244E+2
3.500000E-1	1.125734E-5	1.125734E-5	4.366169E-11	2.105479E+2
4.000000E-1	1.236830E-5	1.236830E-5	4.797058E-11	2.110713E+2
4.500000E-1	1.356664E-5	1.356664E-5	5.261835E-11	2.115947E+2
5.000000E-1	1.459215E-5	1.459215E-5	5.659578E-11	2.121182E+2
5.000000E-1	1.438051E-5	1.438051E-5	5.577496E-11	2.126416E+2
4.500000E-1	1.288123E-5	1.288123E-5	4.995998E-11	2.131650E+2
4.000000E-1	1.141106E-5	1.141106E-5	4.425790E-11	2.136885E+2
3.500000E-1	1.013443E-5	1.013443E-5	3.930647E-11	2.142119E+2
3.000000E-1	8.865973E-6	8.865973E-6	3.438676E-11	2.147354E+2
2.500000E-1	7.549586E-6	7.549586E-6	2.928114E-11	2.152588E+2
2.000000E-1	6.404430E-6	6.404430E-6	2.483964E-11	2.157822E+2
1.500000E-1	5.108888E-6	5.108888E-6	1.981487E-11	2.163057E+2
1.000000E-1	3.955654E-6	3.955654E-6	1.534204E-11	2.168291E+2
5.000000E-2	2.764606E-6	2.764606E-6	1.072255E-11	2.173525E+2
0.000000E+0	1.500934E-6	1.500934E-6	5.821385E-12	2.178760E+2
-5.000000E-2	3.907241E-7	3.907241E-7	1.515427E-12	2.183994E+2
-1.000000E-1	8.700531E-7	-8.700531E-7	-3.374509E-12	2.189229E+2
-1.500000E-1	1.969031E-6	-1.969031E-6	-7.636905E-12	2.194463E+2
-2.000000E-1	3.157223E-6	-3.157223E-6	-1.224532E-11	2.199697E+2
-2.500000E-1	4.350084E-6	-4.350084E-6	-1.687184E-11	2.204932E+2
-3.000000E-1	5.464793E-6	-5.464793E-6	-2.119525E-11	2.210166E+2
-3.500000E-1	6.659267E-6	-6.659267E-6	-2.582803E-11	2.215400E+2
-4.000000E-1	7.778991E-6	-7.778991E-6	-3.017089E-11	2.220635E+2
-4.500000E-1	8.979883E-6	-8.979883E-6	-3.482856E-11	2.225869E+2
-5.000000E-1	1.011598E-5	-1.011598E-5	-3.923493E-11	2.231104E+2
-5.000000E-1	9.856580E-6	-9.856580E-6	-3.822884E-11	2.236338E+2
-4.500000E-1	8.306322E-6	-8.306322E-6	-3.221615E-11	2.241572E+2
-4.000000E-1	6.827025E-6	-6.827025E-6	-2.647868E-11	2.246807E+2
-3.500000E-1	5.527136E-6	-5.527136E-6	-2.143705E-11	2.252041E+2
-3.000000E-1	4.248575E-6	-4.248575E-6	-1.647814E-11	2.257275E+2
-2.500000E-1	2.950479E-6	-2.950479E-6	-1.144346E-11	2.262510E+2
-2.000000E-1	1.787677E-6	-1.787677E-6	-6.933523E-12	2.267744E+2
-1.500000E-1	5.097683E-7	-5.097683E-7	-1.977141E-12	2.272979E+2
-1.000000E-1	6.359721E-7	6.359721E-7	2.466624E-12	2.278213E+2
-5.000000E-2	1.826679E-6	1.826679E-6	7.084791E-12	2.283447E+2
0.000000E+0	3.085613E-6	3.085613E-6	1.196758E-11	2.288682E+2
