voltage_YSR_1_40A	absJ_YSR_1_40A	J_YSR_1_40A	current_YSR_1_40A	time_YSR_1_40A
0.000000E+0	4.272043E-3	4.272043E-3	1.656916E-8	0.000000E+0
5.000000E-2	9.214233E+0	9.214233E+0	3.573749E-5	3.808594E-1
1.000000E-1	1.839920E+1	1.839920E+1	7.136147E-5	5.693359E-1
1.500000E-1	2.756309E+1	2.756309E+1	1.069037E-4	1.140625E+0
2.000000E-1	3.672764E+1	3.672764E+1	1.424485E-4	1.328125E+0
2.500000E-1	4.588763E+1	4.588763E+1	1.779756E-4	1.516602E+0
3.000000E-1	5.506605E+1	5.506605E+1	2.135742E-4	1.704102E+0
3.500000E-1	6.424393E+1	6.424393E+1	2.491707E-4	1.892578E+0
4.000000E-1	7.342442E+1	7.342442E+1	2.847773E-4	2.081055E+0
4.500000E-1	8.259059E+1	8.259059E+1	3.203284E-4	2.268555E+0
5.000000E-1	9.175141E+1	9.175141E+1	3.558587E-4	2.457031E+0
5.000000E-1	9.175035E+1	9.175035E+1	3.558546E-4	2.645508E+0
4.500000E-1	8.258644E+1	8.258644E+1	3.203123E-4	2.833008E+0
4.000000E-1	7.341999E+1	7.341999E+1	2.847601E-4	3.021484E+0
3.500000E-1	6.423867E+1	6.423867E+1	2.491503E-4	3.208984E+0
3.000000E-1	5.506051E+1	5.506051E+1	2.135527E-4	3.397461E+0
2.500000E-1	4.588265E+1	4.588265E+1	1.779563E-4	3.585938E+0
2.000000E-1	3.672385E+1	3.672385E+1	1.424338E-4	3.773438E+0
1.500000E-1	2.755971E+1	2.755971E+1	1.068906E-4	3.961914E+0
1.000000E-1	1.839606E+1	1.839606E+1	7.134931E-5	4.341797E+0
5.000000E-2	9.212142E+0	9.212142E+0	3.572938E-5	4.529297E+0
0.000000E+0	3.743949E-3	3.743949E-3	1.452094E-8	5.104492E+0
-5.000000E-2	9.160619E+0	-9.160619E+0	-3.552955E-5	5.486328E+0
-1.000000E-1	1.834569E+1	-1.834569E+1	-7.115392E-5	5.674805E+0
-1.500000E-1	2.751392E+1	-2.751392E+1	-1.067130E-4	6.245117E+0
-2.000000E-1	3.668077E+1	-3.668077E+1	-1.422667E-4	6.433594E+0
-2.500000E-1	4.584256E+1	-4.584256E+1	-1.778008E-4	6.622070E+0
-3.000000E-1	5.502348E+1	-5.502348E+1	-2.134091E-4	6.809570E+0
-3.500000E-1	6.420596E+1	-6.420596E+1	-2.490234E-4	6.998047E+0
-4.000000E-1	7.339242E+1	-7.339242E+1	-2.846532E-4	7.185547E+0
-4.500000E-1	8.255610E+1	-8.255610E+1	-3.201946E-4	7.374023E+0
-5.000000E-1	9.172441E+1	-9.172441E+1	-3.557540E-4	7.562500E+0
-5.000000E-1	9.172415E+1	-9.172415E+1	-3.557530E-4	7.750000E+0
-4.500000E-1	8.255563E+1	-8.255563E+1	-3.201928E-4	7.938477E+0
-4.000000E-1	7.339044E+1	-7.339044E+1	-2.846455E-4	8.126953E+0
-3.500000E-1	6.420500E+1	-6.420500E+1	-2.490197E-4	8.314453E+0
-3.000000E-1	5.502083E+1	-5.502083E+1	-2.133988E-4	8.502930E+0
-2.500000E-1	4.584047E+1	-4.584047E+1	-1.777927E-4	8.690430E+0
-2.000000E-1	3.667881E+1	-3.667881E+1	-1.422591E-4	8.878906E+0
-1.500000E-1	2.751291E+1	-2.751291E+1	-1.067091E-4	9.067383E+0
-1.000000E-1	1.834510E+1	-1.834510E+1	-7.115166E-5	9.447266E+0
-5.000000E-2	9.159906E+0	-9.159906E+0	-3.552678E-5	9.634766E+0
0.000000E+0	3.757139E-5	3.757139E-5	1.457210E-10	1.043359E+1
0.000000E+0	3.163290E-5	3.163290E-5	1.226885E-10	1.062305E+1
5.000000E-2	9.212768E+0	9.212768E+0	3.573181E-5	1.139258E+1
1.000000E-1	1.839721E+1	1.839721E+1	7.135375E-5	1.158105E+1
1.500000E-1	2.756103E+1	2.756103E+1	1.068957E-4	1.215234E+1
2.000000E-1	3.672555E+1	3.672555E+1	1.424404E-4	1.233984E+1
2.500000E-1	4.588508E+1	4.588508E+1	1.779657E-4	1.252832E+1
3.000000E-1	5.506303E+1	5.506303E+1	2.135625E-4	1.271582E+1
3.500000E-1	6.424300E+1	6.424300E+1	2.491671E-4	1.290430E+1
4.000000E-1	7.342287E+1	7.342287E+1	2.847713E-4	1.309277E+1
4.500000E-1	8.258817E+1	8.258817E+1	3.203190E-4	1.328027E+1
5.000000E-1	9.175082E+1	9.175082E+1	3.558564E-4	1.346875E+1
5.000000E-1	9.175019E+1	9.175019E+1	3.558540E-4	1.365723E+1
4.500000E-1	8.258822E+1	8.258822E+1	3.203192E-4	1.384473E+1
4.000000E-1	7.342228E+1	7.342228E+1	2.847690E-4	1.403320E+1
3.500000E-1	6.424117E+1	6.424117E+1	2.491600E-4	1.422070E+1
3.000000E-1	5.506185E+1	5.506185E+1	2.135579E-4	1.440918E+1
2.500000E-1	4.588355E+1	4.588355E+1	1.779598E-4	1.459766E+1
2.000000E-1	3.672447E+1	3.672447E+1	1.424362E-4	1.478516E+1
1.500000E-1	2.756105E+1	2.756105E+1	1.068958E-4	1.497363E+1
1.000000E-1	1.839775E+1	1.839775E+1	7.135583E-5	1.535352E+1
5.000000E-2	9.212650E+0	9.212650E+0	3.573135E-5	1.554102E+1
0.000000E+0	2.801592E-3	2.801592E-3	1.086600E-8	1.592285E+1
-5.000000E-2	9.161661E+0	-9.161661E+0	-3.553359E-5	1.630469E+1
-1.000000E-1	1.834855E+1	-1.834855E+1	-7.116504E-5	1.649219E+1
-1.500000E-1	2.751859E+1	-2.751859E+1	-1.067311E-4	1.706348E+1
-2.000000E-1	3.668639E+1	-3.668639E+1	-1.422885E-4	1.725195E+1
-2.500000E-1	4.585024E+1	-4.585024E+1	-1.778306E-4	1.743945E+1
-3.000000E-1	5.503300E+1	-5.503300E+1	-2.134460E-4	1.762793E+1
-3.500000E-1	6.421758E+1	-6.421758E+1	-2.490685E-4	1.781641E+1
-4.000000E-1	7.340430E+1	-7.340430E+1	-2.846993E-4	1.800391E+1
-4.500000E-1	8.257216E+1	-8.257216E+1	-3.202569E-4	1.819238E+1
-5.000000E-1	9.173957E+1	-9.173957E+1	-3.558128E-4	1.837988E+1
-5.000000E-1	9.173849E+1	-9.173849E+1	-3.558086E-4	1.856836E+1
-4.500000E-1	8.256842E+1	-8.256842E+1	-3.202424E-4	1.875684E+1
-4.000000E-1	7.340266E+1	-7.340266E+1	-2.846929E-4	1.894434E+1
-3.500000E-1	6.421452E+1	-6.421452E+1	-2.490566E-4	1.913281E+1
-3.000000E-1	5.502838E+1	-5.502838E+1	-2.134281E-4	1.932129E+1
-2.500000E-1	4.584594E+1	-4.584594E+1	-1.778139E-4	1.950879E+1
-2.000000E-1	3.668270E+1	-3.668270E+1	-1.422742E-4	1.969727E+1
-1.500000E-1	2.751570E+1	-2.751570E+1	-1.067199E-4	1.988477E+1
-1.000000E-1	1.834670E+1	-1.834670E+1	-7.115786E-5	2.026465E+1
-5.000000E-2	9.160225E+0	-9.160225E+0	-3.552802E-5	2.045313E+1
0.000000E+0	7.649220E-6	7.649220E-6	2.966757E-11	2.195801E+1
0.000000E+0	7.179632E-6	7.179632E-6	2.784627E-11	2.248242E+1
5.000000E-2	9.213939E+0	9.213939E+0	3.573635E-5	2.305762E+1
1.000000E-1	1.839867E+1	1.839867E+1	7.135943E-5	2.324512E+1
1.500000E-1	2.756293E+1	2.756293E+1	1.069031E-4	2.381641E+1
2.000000E-1	3.672813E+1	3.672813E+1	1.424504E-4	2.400488E+1
2.500000E-1	4.588825E+1	4.588825E+1	1.779780E-4	2.419238E+1
3.000000E-1	5.506670E+1	5.506670E+1	2.135767E-4	2.438086E+1
3.500000E-1	6.424672E+1	6.424672E+1	2.491815E-4	2.456934E+1
4.000000E-1	7.342862E+1	7.342862E+1	2.847936E-4	2.475684E+1
4.500000E-1	8.259438E+1	8.259438E+1	3.203431E-4	2.494531E+1
5.000000E-1	9.175791E+1	9.175791E+1	3.558839E-4	2.513379E+1
5.000000E-1	9.175749E+1	9.175749E+1	3.558823E-4	2.532129E+1
4.500000E-1	8.259408E+1	8.259408E+1	3.203419E-4	2.550977E+1
4.000000E-1	7.342710E+1	7.342710E+1	2.847877E-4	2.569727E+1
3.500000E-1	6.424496E+1	6.424496E+1	2.491747E-4	2.588574E+1
3.000000E-1	5.506598E+1	5.506598E+1	2.135739E-4	2.607422E+1
2.500000E-1	4.588660E+1	4.588660E+1	1.779716E-4	2.626172E+1
2.000000E-1	3.672671E+1	3.672671E+1	1.424449E-4	2.645020E+1
1.500000E-1	2.756252E+1	2.756252E+1	1.069015E-4	2.663770E+1
1.000000E-1	1.839829E+1	1.839829E+1	7.135795E-5	2.701758E+1
5.000000E-2	9.213199E+0	9.213199E+0	3.573348E-5	2.720605E+1
0.000000E+0	3.891137E-3	3.891137E-3	1.509181E-8	2.778125E+1
-5.000000E-2	9.161731E+0	-9.161731E+0	-3.553386E-5	2.816309E+1
-1.000000E-1	1.834898E+1	-1.834898E+1	-7.116669E-5	2.835059E+1
-1.500000E-1	2.751817E+1	-2.751817E+1	-1.067295E-4	2.892187E+1
-2.000000E-1	3.668618E+1	-3.668618E+1	-1.422877E-4	2.911035E+1
-2.500000E-1	4.584949E+1	-4.584949E+1	-1.778277E-4	2.929785E+1
-3.000000E-1	5.503142E+1	-5.503142E+1	-2.134399E-4	2.948633E+1
-3.500000E-1	6.421580E+1	-6.421580E+1	-2.490616E-4	2.967383E+1
-4.000000E-1	7.340351E+1	-7.340351E+1	-2.846962E-4	2.986230E+1
-4.500000E-1	8.257061E+1	-8.257061E+1	-3.202509E-4	3.005078E+1
-5.000000E-1	9.173890E+1	-9.173890E+1	-3.558102E-4	3.023828E+1
-5.000000E-1	9.173679E+1	-9.173679E+1	-3.558020E-4	3.042676E+1
-4.500000E-1	8.256772E+1	-8.256772E+1	-3.202397E-4	3.061523E+1
-4.000000E-1	7.340217E+1	-7.340217E+1	-2.846910E-4	3.080273E+1
-3.500000E-1	6.421299E+1	-6.421299E+1	-2.490507E-4	3.099121E+1
-3.000000E-1	5.502916E+1	-5.502916E+1	-2.134311E-4	3.117871E+1
-2.500000E-1	4.584787E+1	-4.584787E+1	-1.778214E-4	3.136719E+1
-2.000000E-1	3.668402E+1	-3.668402E+1	-1.422793E-4	3.155566E+1
-1.500000E-1	2.751637E+1	-2.751637E+1	-1.067225E-4	3.174316E+1
-1.000000E-1	1.834699E+1	-1.834699E+1	-7.115897E-5	3.212305E+1
-5.000000E-2	9.160450E+0	-9.160450E+0	-3.552889E-5	3.231152E+1
0.000000E+0	4.033364E-5	4.033364E-5	1.564344E-10	3.311035E+1
0.000000E+0	3.301802E-5	3.301802E-5	1.280607E-10	3.329883E+1
5.000000E-2	9.213009E+0	9.213009E+0	3.573274E-5	3.406934E+1
1.000000E-1	1.839871E+1	1.839871E+1	7.135956E-5	3.425684E+1
1.500000E-1	2.756309E+1	2.756309E+1	1.069037E-4	3.482813E+1
2.000000E-1	3.672803E+1	3.672803E+1	1.424500E-4	3.501660E+1
2.500000E-1	4.588783E+1	4.588783E+1	1.779764E-4	3.520410E+1
3.000000E-1	5.506654E+1	5.506654E+1	2.135761E-4	3.539258E+1
3.500000E-1	6.424607E+1	6.424607E+1	2.491790E-4	3.558105E+1
4.000000E-1	7.342739E+1	7.342739E+1	2.847888E-4	3.576855E+1
4.500000E-1	8.259351E+1	8.259351E+1	3.203397E-4	3.595703E+1
5.000000E-1	9.175746E+1	9.175746E+1	3.558822E-4	3.614551E+1
5.000000E-1	9.175713E+1	9.175713E+1	3.558809E-4	3.633301E+1
4.500000E-1	8.259356E+1	8.259356E+1	3.203399E-4	3.652148E+1
4.000000E-1	7.342633E+1	7.342633E+1	2.847847E-4	3.670898E+1
3.500000E-1	6.424414E+1	6.424414E+1	2.491715E-4	3.689746E+1
3.000000E-1	5.506497E+1	5.506497E+1	2.135700E-4	3.708594E+1
2.500000E-1	4.588727E+1	4.588727E+1	1.779742E-4	3.727344E+1
2.000000E-1	3.672782E+1	3.672782E+1	1.424492E-4	3.746191E+1
1.500000E-1	2.756317E+1	2.756317E+1	1.069040E-4	3.764941E+1
1.000000E-1	1.839861E+1	1.839861E+1	7.135917E-5	3.802930E+1
5.000000E-2	9.213831E+0	9.213831E+0	3.573593E-5	3.821777E+1
0.000000E+0	9.757362E-6	9.757362E-6	3.784402E-11	3.991699E+1
-5.000000E-2	9.162886E+0	-9.162886E+0	-3.553834E-5	4.049219E+1
-1.000000E-1	1.835044E+1	-1.835044E+1	-7.117237E-5	4.068066E+1
-1.500000E-1	2.752008E+1	-2.752008E+1	-1.067369E-4	4.125195E+1
-2.000000E-1	3.668910E+1	-3.668910E+1	-1.422990E-4	4.143945E+1
-2.500000E-1	4.585269E+1	-4.585269E+1	-1.778401E-4	4.162793E+1
-3.000000E-1	5.503563E+1	-5.503563E+1	-2.134562E-4	4.181543E+1
-3.500000E-1	6.422199E+1	-6.422199E+1	-2.490856E-4	4.200391E+1
-4.000000E-1	7.341073E+1	-7.341073E+1	-2.847242E-4	4.219238E+1
-4.500000E-1	8.257750E+1	-8.257750E+1	-3.202776E-4	4.237988E+1
-5.000000E-1	9.174793E+1	-9.174793E+1	-3.558452E-4	4.256836E+1
-5.000000E-1	9.174834E+1	-9.174834E+1	-3.558468E-4	4.275684E+1
-4.500000E-1	8.257709E+1	-8.257709E+1	-3.202760E-4	4.294434E+1
-4.000000E-1	7.340936E+1	-7.340936E+1	-2.847189E-4	4.313281E+1
-3.500000E-1	6.422073E+1	-6.422073E+1	-2.490807E-4	4.332031E+1
-3.000000E-1	5.503656E+1	-5.503656E+1	-2.134598E-4	4.350879E+1
-2.500000E-1	4.585298E+1	-4.585298E+1	-1.778412E-4	4.369727E+1
-2.000000E-1	3.668899E+1	-3.668899E+1	-1.422986E-4	4.388477E+1
-1.500000E-1	2.752081E+1	-2.752081E+1	-1.067397E-4	4.407324E+1
-1.000000E-1	1.835049E+1	-1.835049E+1	-7.117254E-5	4.445313E+1
-5.000000E-2	9.162750E+0	-9.162750E+0	-3.553781E-5	4.464062E+1
0.000000E+0	1.130539E-5	1.130539E-5	4.384805E-11	4.614648E+1
0.000000E+0	7.619226E-6	7.619226E-6	2.955124E-11	4.667090E+1
5.000000E-2	9.214787E+0	9.214787E+0	3.573964E-5	4.724609E+1
1.000000E-1	1.840184E+1	1.840184E+1	7.137171E-5	4.743359E+1
1.500000E-1	2.756554E+1	2.756554E+1	1.069132E-4	4.800488E+1
2.000000E-1	3.673159E+1	3.673159E+1	1.424638E-4	4.819336E+1
2.500000E-1	4.589294E+1	4.589294E+1	1.779962E-4	4.838086E+1
3.000000E-1	5.507201E+1	5.507201E+1	2.135973E-4	4.856934E+1
3.500000E-1	6.425185E+1	6.425185E+1	2.492014E-4	4.875684E+1
4.000000E-1	7.343223E+1	7.343223E+1	2.848076E-4	4.894531E+1
4.500000E-1	8.259934E+1	8.259934E+1	3.203623E-4	4.913379E+1
5.000000E-1	9.176149E+1	9.176149E+1	3.558978E-4	4.932129E+1
5.000000E-1	9.176056E+1	9.176056E+1	3.558942E-4	4.950977E+1
4.500000E-1	8.259570E+1	8.259570E+1	3.203482E-4	4.969824E+1
4.000000E-1	7.342862E+1	7.342862E+1	2.847936E-4	4.988574E+1
3.500000E-1	6.424643E+1	6.424643E+1	2.491804E-4	5.007422E+1
3.000000E-1	5.506734E+1	5.506734E+1	2.135792E-4	5.026172E+1
2.500000E-1	4.588861E+1	4.588861E+1	1.779794E-4	5.045020E+1
2.000000E-1	3.672831E+1	3.672831E+1	1.424511E-4	5.063867E+1
1.500000E-1	2.756340E+1	2.756340E+1	1.069049E-4	5.082617E+1
1.000000E-1	1.839908E+1	1.839908E+1	7.136101E-5	5.120605E+1
5.000000E-2	9.213553E+0	9.213553E+0	3.573485E-5	5.139453E+1
0.000000E+0	3.884211E-3	3.884211E-3	1.506495E-8	5.196973E+1
-5.000000E-2	9.161834E+0	-9.161834E+0	-3.553426E-5	5.235059E+1
-1.000000E-1	1.834822E+1	-1.834822E+1	-7.116375E-5	5.253906E+1
-1.500000E-1	2.751848E+1	-2.751848E+1	-1.067307E-4	5.311035E+1
-2.000000E-1	3.668603E+1	-3.668603E+1	-1.422871E-4	5.329785E+1
-2.500000E-1	4.584924E+1	-4.584924E+1	-1.778267E-4	5.348633E+1
-3.000000E-1	5.503171E+1	-5.503171E+1	-2.134410E-4	5.367480E+1
-3.500000E-1	6.421503E+1	-6.421503E+1	-2.490586E-4	5.386230E+1
-4.000000E-1	7.340184E+1	-7.340184E+1	-2.846897E-4	5.405078E+1
-4.500000E-1	8.256623E+1	-8.256623E+1	-3.202339E-4	5.423828E+1
-5.000000E-1	9.173498E+1	-9.173498E+1	-3.557950E-4	5.442676E+1
-5.000000E-1	9.173426E+1	-9.173426E+1	-3.557922E-4	5.461523E+1
-4.500000E-1	8.256576E+1	-8.256576E+1	-3.202321E-4	5.480273E+1
-4.000000E-1	7.339902E+1	-7.339902E+1	-2.846788E-4	5.499121E+1
-3.500000E-1	6.421206E+1	-6.421206E+1	-2.490471E-4	5.517969E+1
-3.000000E-1	5.502629E+1	-5.502629E+1	-2.134200E-4	5.536719E+1
-2.500000E-1	4.584480E+1	-4.584480E+1	-1.778095E-4	5.555566E+1
-2.000000E-1	3.668157E+1	-3.668157E+1	-1.422698E-4	5.574316E+1
-1.500000E-1	2.751482E+1	-2.751482E+1	-1.067165E-4	5.593164E+1
-1.000000E-1	1.834611E+1	-1.834611E+1	-7.115558E-5	5.631152E+1
-5.000000E-2	9.160568E+0	-9.160568E+0	-3.552935E-5	5.650000E+1
0.000000E+0	3.265071E-4	3.265071E-4	1.266361E-9	5.707520E+1
0.000000E+0	3.185613E-4	3.185613E-4	1.235543E-9	5.726367E+1
5.000000E-2	9.213392E+0	9.213392E+0	3.573423E-5	5.803320E+1
1.000000E-1	1.839826E+1	1.839826E+1	7.135781E-5	5.822070E+1
1.500000E-1	2.756216E+1	2.756216E+1	1.069001E-4	5.879199E+1
2.000000E-1	3.672627E+1	3.672627E+1	1.424432E-4	5.898047E+1
2.500000E-1	4.588644E+1	4.588644E+1	1.779710E-4	5.916797E+1
3.000000E-1	5.506443E+1	5.506443E+1	2.135679E-4	5.935645E+1
3.500000E-1	6.424406E+1	6.424406E+1	2.491712E-4	5.954395E+1
4.000000E-1	7.342486E+1	7.342486E+1	2.847790E-4	5.973242E+1
4.500000E-1	8.259158E+1	8.259158E+1	3.203322E-4	5.992090E+1
5.000000E-1	9.175403E+1	9.175403E+1	3.558689E-4	6.010840E+1
5.000000E-1	9.175326E+1	9.175326E+1	3.558659E-4	6.029687E+1
4.500000E-1	8.258966E+1	8.258966E+1	3.203248E-4	6.048535E+1
4.000000E-1	7.342372E+1	7.342372E+1	2.847746E-4	6.067285E+1
3.500000E-1	6.424107E+1	6.424107E+1	2.491596E-4	6.086133E+1
3.000000E-1	5.506237E+1	5.506237E+1	2.135599E-4	6.104883E+1
2.500000E-1	4.588495E+1	4.588495E+1	1.779652E-4	6.123730E+1
2.000000E-1	3.672571E+1	3.672571E+1	1.424410E-4	6.142578E+1
1.500000E-1	2.756141E+1	2.756141E+1	1.068972E-4	6.161328E+1
1.000000E-1	1.839794E+1	1.839794E+1	7.135660E-5	6.199316E+1
5.000000E-2	9.212624E+0	9.212624E+0	3.573125E-5	6.218164E+1
0.000000E+0	3.559576E-3	3.559576E-3	1.380585E-8	6.275684E+1
-5.000000E-2	9.161896E+0	-9.161896E+0	-3.553450E-5	6.313770E+1
-1.000000E-1	1.834828E+1	-1.834828E+1	-7.116399E-5	6.332617E+1
-1.500000E-1	2.751825E+1	-2.751825E+1	-1.067298E-4	6.389746E+1
-2.000000E-1	3.668618E+1	-3.668618E+1	-1.422877E-4	6.408496E+1
-2.500000E-1	4.584916E+1	-4.584916E+1	-1.778264E-4	6.427344E+1
-3.000000E-1	5.503279E+1	-5.503279E+1	-2.134452E-4	6.446191E+1
-3.500000E-1	6.421655E+1	-6.421655E+1	-2.490645E-4	6.464941E+1
-4.000000E-1	7.340376E+1	-7.340376E+1	-2.846972E-4	6.483789E+1
-4.500000E-1	8.257023E+1	-8.257023E+1	-3.202494E-4	6.502539E+1
-5.000000E-1	9.173782E+1	-9.173782E+1	-3.558060E-4	6.521387E+1
-5.000000E-1	9.173800E+1	-9.173800E+1	-3.558067E-4	6.540234E+1
-4.500000E-1	8.256734E+1	-8.256734E+1	-3.202382E-4	6.558984E+1
-4.000000E-1	7.340013E+1	-7.340013E+1	-2.846831E-4	6.577832E+1
-3.500000E-1	6.421323E+1	-6.421323E+1	-2.490516E-4	6.596680E+1
-3.000000E-1	5.502730E+1	-5.502730E+1	-2.134239E-4	6.615430E+1
-2.500000E-1	4.584568E+1	-4.584568E+1	-1.778129E-4	6.634277E+1
-2.000000E-1	3.668291E+1	-3.668291E+1	-1.422750E-4	6.653027E+1
-1.500000E-1	2.751588E+1	-2.751588E+1	-1.067206E-4	6.671875E+1
-1.000000E-1	1.834621E+1	-1.834621E+1	-7.115594E-5	6.709863E+1
-5.000000E-2	9.160068E+0	-9.160068E+0	-3.552741E-5	6.728711E+1
0.000000E+0	3.264084E-4	3.264084E-4	1.265978E-9	6.786230E+1
0.000000E+0	3.180201E-4	3.180201E-4	1.233444E-9	6.805078E+1
5.000000E-2	9.213209E+0	9.213209E+0	3.573352E-5	6.882031E+1
1.000000E-1	1.839785E+1	1.839785E+1	7.135624E-5	6.900781E+1
1.500000E-1	2.756092E+1	2.756092E+1	1.068953E-4	6.957910E+1
2.000000E-1	3.672473E+1	3.672473E+1	1.424372E-4	6.976758E+1
2.500000E-1	4.588407E+1	4.588407E+1	1.779618E-4	6.995508E+1
3.000000E-1	5.506167E+1	5.506167E+1	2.135572E-4	7.014355E+1
3.500000E-1	6.423973E+1	6.423973E+1	2.491544E-4	7.033105E+1
4.000000E-1	7.341939E+1	7.341939E+1	2.847578E-4	7.051953E+1
4.500000E-1	8.258458E+1	8.258458E+1	3.203051E-4	7.070801E+1
5.000000E-1	9.174622E+1	9.174622E+1	3.558386E-4	7.089551E+1
5.000000E-1	9.174517E+1	9.174517E+1	3.558345E-4	7.108398E+1
4.500000E-1	8.258278E+1	8.258278E+1	3.202981E-4	7.127246E+1
4.000000E-1	7.341694E+1	7.341694E+1	2.847483E-4	7.145996E+1
3.500000E-1	6.423643E+1	6.423643E+1	2.491416E-4	7.164844E+1
3.000000E-1	5.505795E+1	5.505795E+1	2.135428E-4	7.183594E+1
2.500000E-1	4.588087E+1	4.588087E+1	1.779494E-4	7.202441E+1
2.000000E-1	3.672220E+1	3.672220E+1	1.424274E-4	7.221289E+1
1.500000E-1	2.755860E+1	2.755860E+1	1.068863E-4	7.240039E+1
1.000000E-1	1.839634E+1	1.839634E+1	7.135040E-5	7.278027E+1
5.000000E-2	9.211915E+0	9.211915E+0	3.572850E-5	7.296875E+1
0.000000E+0	9.678925E-6	9.678925E-6	3.753980E-11	7.447363E+1
-5.000000E-2	9.161156E+0	-9.161156E+0	-3.553163E-5	7.504980E+1
-1.000000E-1	1.834712E+1	-1.834712E+1	-7.115949E-5	7.523730E+1
-1.500000E-1	2.751477E+1	-2.751477E+1	-1.067163E-4	7.580859E+1
-2.000000E-1	3.668144E+1	-3.668144E+1	-1.422693E-4	7.599707E+1
-2.500000E-1	4.584354E+1	-4.584354E+1	-1.778046E-4	7.618457E+1
-3.000000E-1	5.502366E+1	-5.502366E+1	-2.134098E-4	7.637305E+1
-3.500000E-1	6.420523E+1	-6.420523E+1	-2.490206E-4	7.656152E+1
-4.000000E-1	7.338974E+1	-7.338974E+1	-2.846428E-4	7.674902E+1
-4.500000E-1	8.255419E+1	-8.255419E+1	-3.201872E-4	7.693750E+1
-5.000000E-1	9.171982E+1	-9.171982E+1	-3.557362E-4	7.712500E+1
-5.000000E-1	9.171835E+1	-9.171835E+1	-3.557305E-4	7.731348E+1
-4.500000E-1	8.254965E+1	-8.254965E+1	-3.201696E-4	7.750195E+1
-4.000000E-1	7.338376E+1	-7.338376E+1	-2.846196E-4	7.768945E+1
-3.500000E-1	6.419719E+1	-6.419719E+1	-2.489894E-4	7.787793E+1
-3.000000E-1	5.501340E+1	-5.501340E+1	-2.133700E-4	7.806641E+1
-2.500000E-1	4.583322E+1	-4.583322E+1	-1.777646E-4	7.825391E+1
-2.000000E-1	3.667228E+1	-3.667228E+1	-1.422338E-4	7.844238E+1
-1.500000E-1	2.750714E+1	-2.750714E+1	-1.066867E-4	7.862988E+1
-1.000000E-1	1.834050E+1	-1.834050E+1	-7.113379E-5	7.900977E+1
-5.000000E-2	9.157069E+0	-9.157069E+0	-3.551578E-5	7.919824E+1
0.000000E+0	3.888308E-5	3.888308E-5	1.508084E-10	7.999707E+1
0.000000E+0	3.223597E-5	3.223597E-5	1.250275E-10	8.018652E+1
5.000000E-2	9.209827E+0	9.209827E+0	3.572040E-5	8.095605E+1
1.000000E-1	1.839099E+1	1.839099E+1	7.132963E-5	8.114453E+1
1.500000E-1	2.755306E+1	2.755306E+1	1.068648E-4	8.171484E+1
2.000000E-1	3.671433E+1	3.671433E+1	1.423969E-4	8.190332E+1
2.500000E-1	4.587107E+1	4.587107E+1	1.779114E-4	8.209180E+1
3.000000E-1	5.504563E+1	5.504563E+1	2.134950E-4	8.227930E+1
3.500000E-1	6.422243E+1	6.422243E+1	2.490873E-4	8.246777E+1
4.000000E-1	7.340150E+1	7.340150E+1	2.846884E-4	8.265527E+1
4.500000E-1	8.256352E+1	8.256352E+1	3.202234E-4	8.284375E+1
5.000000E-1	9.172400E+1	9.172400E+1	3.557524E-4	8.303223E+1
5.000000E-1	9.172367E+1	9.172367E+1	3.557511E-4	8.321973E+1
4.500000E-1	8.256476E+1	8.256476E+1	3.202282E-4	8.340820E+1
4.000000E-1	7.340178E+1	7.340178E+1	2.846895E-4	8.359668E+1
3.500000E-1	6.422408E+1	6.422408E+1	2.490937E-4	8.378418E+1
3.000000E-1	5.504800E+1	5.504800E+1	2.135042E-4	8.397266E+1
2.500000E-1	4.587280E+1	4.587280E+1	1.779181E-4	8.416016E+1
2.000000E-1	3.671604E+1	3.671604E+1	1.424035E-4	8.434863E+1
1.500000E-1	2.755489E+1	2.755489E+1	1.068719E-4	8.453711E+1
1.000000E-1	1.839335E+1	1.839335E+1	7.133878E-5	8.491699E+1
5.000000E-2	9.210588E+0	9.210588E+0	3.572335E-5	8.510449E+1
0.000000E+0	2.784098E-3	2.784098E-3	1.079815E-8	8.548633E+1
-5.000000E-2	9.159238E+0	-9.159238E+0	-3.552419E-5	8.586816E+1
-1.000000E-1	1.834374E+1	-1.834374E+1	-7.114637E-5	8.605566E+1
-1.500000E-1	2.751119E+1	-2.751119E+1	-1.067024E-4	8.662695E+1
-2.000000E-1	3.667612E+1	-3.667612E+1	-1.422487E-4	8.681543E+1
-2.500000E-1	4.583606E+1	-4.583606E+1	-1.777756E-4	8.700293E+1
-3.000000E-1	5.501534E+1	-5.501534E+1	-2.133775E-4	8.719141E+1
-3.500000E-1	6.419673E+1	-6.419673E+1	-2.489876E-4	8.737891E+1
-4.000000E-1	7.338136E+1	-7.338136E+1	-2.846103E-4	8.756738E+1
-4.500000E-1	8.254416E+1	-8.254416E+1	-3.201483E-4	8.775586E+1
-5.000000E-1	9.170827E+1	-9.170827E+1	-3.556914E-4	8.794336E+1
-5.000000E-1	9.170644E+1	-9.170644E+1	-3.556843E-4	8.813184E+1
-4.500000E-1	8.253846E+1	-8.253846E+1	-3.201262E-4	8.832031E+1
-4.000000E-1	7.337322E+1	-7.337322E+1	-2.845787E-4	8.850781E+1
-3.500000E-1	6.418981E+1	-6.418981E+1	-2.489608E-4	8.869629E+1
-3.000000E-1	5.500575E+1	-5.500575E+1	-2.133403E-4	8.888379E+1
-2.500000E-1	4.582786E+1	-4.582786E+1	-1.777438E-4	8.907227E+1
-2.000000E-1	3.666764E+1	-3.666764E+1	-1.422158E-4	8.926074E+1
-1.500000E-1	2.750466E+1	-2.750466E+1	-1.066771E-4	8.944824E+1
-1.000000E-1	1.833922E+1	-1.833922E+1	-7.112882E-5	8.982812E+1
-5.000000E-2	9.156917E+0	-9.156917E+0	-3.551519E-5	9.001660E+1
0.000000E+0	1.160789E-5	1.160789E-5	4.502130E-11	9.129785E+1
0.000000E+0	7.419170E-6	7.419170E-6	2.877532E-11	9.182227E+1
5.000000E-2	9.208594E+0	9.208594E+0	3.571562E-5	9.239746E+1
1.000000E-1	1.838923E+1	1.838923E+1	7.132281E-5	9.258496E+1
1.500000E-1	2.754847E+1	2.754847E+1	1.068470E-4	9.315625E+1
2.000000E-1	3.670799E+1	3.670799E+1	1.423723E-4	9.334473E+1
2.500000E-1	4.586272E+1	4.586272E+1	1.778790E-4	9.353223E+1
3.000000E-1	5.503612E+1	5.503612E+1	2.134581E-4	9.372070E+1
3.500000E-1	6.421083E+1	6.421083E+1	2.490423E-4	9.390918E+1
4.000000E-1	7.338566E+1	7.338566E+1	2.846270E-4	9.409668E+1
4.500000E-1	8.254632E+1	8.254632E+1	3.201567E-4	9.428516E+1
5.000000E-1	9.170446E+1	9.170446E+1	3.556766E-4	9.447363E+1
5.000000E-1	9.170224E+1	9.170224E+1	3.556680E-4	9.466113E+1
4.500000E-1	8.254339E+1	8.254339E+1	3.201453E-4	9.484961E+1
4.000000E-1	7.338053E+1	7.338053E+1	2.846071E-4	9.503711E+1
3.500000E-1	6.420497E+1	6.420497E+1	2.490196E-4	9.522559E+1
3.000000E-1	5.503088E+1	5.503088E+1	2.134378E-4	9.541406E+1
2.500000E-1	4.585855E+1	4.585855E+1	1.778628E-4	9.560156E+1
2.000000E-1	3.670485E+1	3.670485E+1	1.423601E-4	9.579004E+1
1.500000E-1	2.754587E+1	2.754587E+1	1.068369E-4	9.597754E+1
1.000000E-1	1.838766E+1	1.838766E+1	7.131671E-5	9.635742E+1
5.000000E-2	9.207960E+0	9.207960E+0	3.571316E-5	9.654590E+1
0.000000E+0	1.446361E-5	1.446361E-5	5.609724E-11	9.805078E+1
-5.000000E-2	9.158534E+0	-9.158534E+0	-3.552146E-5	9.862695E+1
-1.000000E-1	1.834087E+1	-1.834087E+1	-7.113522E-5	9.881543E+1
-1.500000E-1	2.750765E+1	-2.750765E+1	-1.066887E-4	9.938574E+1
-2.000000E-1	3.667316E+1	-3.667316E+1	-1.422372E-4	9.957422E+1
-2.500000E-1	4.583395E+1	-4.583395E+1	-1.777674E-4	9.976270E+1
-3.000000E-1	5.501358E+1	-5.501358E+1	-2.133707E-4	9.995020E+1
-3.500000E-1	6.419463E+1	-6.419463E+1	-2.489795E-4	1.001387E+2
-4.000000E-1	7.338079E+1	-7.338079E+1	-2.846081E-4	1.003262E+2
-4.500000E-1	8.254210E+1	-8.254210E+1	-3.201403E-4	1.005146E+2
-5.000000E-1	9.170717E+1	-9.170717E+1	-3.556871E-4	1.007031E+2
-5.000000E-1	9.170735E+1	-9.170735E+1	-3.556878E-4	1.008906E+2
-4.500000E-1	8.254078E+1	-8.254078E+1	-3.201352E-4	1.010791E+2
-4.000000E-1	7.337755E+1	-7.337755E+1	-2.845955E-4	1.012676E+2
-3.500000E-1	6.419348E+1	-6.419348E+1	-2.489750E-4	1.014551E+2
-3.000000E-1	5.501178E+1	-5.501178E+1	-2.133637E-4	1.016436E+2
-2.500000E-1	4.583132E+1	-4.583132E+1	-1.777572E-4	1.018311E+2
-2.000000E-1	3.667159E+1	-3.667159E+1	-1.422311E-4	1.020195E+2
-1.500000E-1	2.750765E+1	-2.750765E+1	-1.066887E-4	1.022080E+2
-1.000000E-1	1.834144E+1	-1.834144E+1	-7.113747E-5	1.025879E+2
-5.000000E-2	9.158060E+0	-9.158060E+0	-3.551962E-5	1.027754E+2
0.000000E+0	4.201068E-5	4.201068E-5	1.629388E-10	1.035742E+2
0.000000E+0	3.375129E-5	3.375129E-5	1.309047E-10	1.037637E+2
5.000000E-2	9.211226E+0	9.211226E+0	3.572583E-5	1.045332E+2
1.000000E-1	1.839345E+1	1.839345E+1	7.133917E-5	1.047217E+2
1.500000E-1	2.755523E+1	2.755523E+1	1.068732E-4	1.052930E+2
2.000000E-1	3.671733E+1	3.671733E+1	1.424085E-4	1.054805E+2
2.500000E-1	4.587474E+1	4.587474E+1	1.779256E-4	1.056689E+2
3.000000E-1	5.505040E+1	5.505040E+1	2.135135E-4	1.058564E+2
3.500000E-1	6.422668E+1	6.422668E+1	2.491038E-4	1.060449E+2
4.000000E-1	7.340583E+1	7.340583E+1	2.847052E-4	1.062334E+2
4.500000E-1	8.256878E+1	8.256878E+1	3.202438E-4	1.064209E+2
5.000000E-1	9.172887E+1	9.172887E+1	3.557713E-4	1.066094E+2
5.000000E-1	9.172908E+1	9.172908E+1	3.557721E-4	1.067979E+2
4.500000E-1	8.256822E+1	8.256822E+1	3.202416E-4	1.069854E+2
4.000000E-1	7.340320E+1	7.340320E+1	2.846950E-4	1.071738E+2
3.500000E-1	6.422359E+1	6.422359E+1	2.490918E-4	1.073613E+2
3.000000E-1	5.504741E+1	5.504741E+1	2.135019E-4	1.075498E+2
2.500000E-1	4.587125E+1	4.587125E+1	1.779121E-4	1.077383E+2
2.000000E-1	3.671439E+1	3.671439E+1	1.423971E-4	1.079258E+2
1.500000E-1	2.755311E+1	2.755311E+1	1.068650E-4	1.081143E+2
1.000000E-1	1.839208E+1	1.839208E+1	7.133387E-5	1.084941E+2
5.000000E-2	9.210221E+0	9.210221E+0	3.572193E-5	1.086816E+2
0.000000E+0	4.282547E-3	4.282547E-3	1.660990E-8	1.092568E+2
-5.000000E-2	9.157977E+0	-9.157977E+0	-3.551930E-5	1.096387E+2
-1.000000E-1	1.834101E+1	-1.834101E+1	-7.113579E-5	1.098271E+2
-1.500000E-1	2.750745E+1	-2.750745E+1	-1.066879E-4	1.103984E+2
-2.000000E-1	3.667161E+1	-3.667161E+1	-1.422312E-4	1.105859E+2
-2.500000E-1	4.583261E+1	-4.583261E+1	-1.777622E-4	1.107744E+2
-3.000000E-1	5.501185E+1	-5.501185E+1	-2.133640E-4	1.109619E+2
-3.500000E-1	6.419278E+1	-6.419278E+1	-2.489723E-4	1.111504E+2
-4.000000E-1	7.337625E+1	-7.337625E+1	-2.845905E-4	1.113389E+2
-4.500000E-1	8.253841E+1	-8.253841E+1	-3.201260E-4	1.115264E+2
-5.000000E-1	9.170525E+1	-9.170525E+1	-3.556797E-4	1.117148E+2
-5.000000E-1	9.170311E+1	-9.170311E+1	-3.556714E-4	1.119033E+2
-4.500000E-1	8.253704E+1	-8.253704E+1	-3.201207E-4	1.120908E+2
-4.000000E-1	7.337476E+1	-7.337476E+1	-2.845847E-4	1.122793E+2
-3.500000E-1	6.419167E+1	-6.419167E+1	-2.489680E-4	1.124668E+2
-3.000000E-1	5.500979E+1	-5.500979E+1	-2.133560E-4	1.126553E+2
-2.500000E-1	4.583119E+1	-4.583119E+1	-1.777567E-4	1.128437E+2
-2.000000E-1	3.667112E+1	-3.667112E+1	-1.422293E-4	1.130313E+2
-1.500000E-1	2.750693E+1	-2.750693E+1	-1.066859E-4	1.132197E+2
-1.000000E-1	1.834053E+1	-1.834053E+1	-7.113394E-5	1.135996E+2
-5.000000E-2	9.157709E+0	-9.157709E+0	-3.551826E-5	1.137871E+2
0.000000E+0	3.999928E-5	3.999928E-5	1.551376E-10	1.145859E+2
