voltage_YSR_1_40D	absJ_YSR_1_40D	J_YSR_1_40D	current_YSR_1_40D	time_YSR_1_40D
0.000000E+0	1.458363E-5	1.458363E-5	5.656273E-11	0.000000E+0
5.000000E-2	1.829451E-5	1.829451E-5	7.095542E-11	5.234375E-1
1.000000E-1	2.638204E-4	2.638204E-4	1.023230E-9	1.099609E+0
1.500000E-1	3.897366E-4	3.897366E-4	1.511597E-9	1.287109E+0
2.000000E-1	5.108006E-4	5.108006E-4	1.981145E-9	1.475586E+0
2.500000E-1	6.309434E-4	6.309434E-4	2.447120E-9	1.664063E+0
3.000000E-1	7.502243E-4	7.502243E-4	2.909752E-9	1.851563E+0
3.500000E-1	8.674925E-4	8.674925E-4	3.364578E-9	2.040039E+0
4.000000E-1	9.833795E-4	9.833795E-4	3.814047E-9	2.227539E+0
4.500000E-1	1.100027E-3	1.100027E-3	4.266465E-9	2.416016E+0
5.000000E-1	1.215280E-3	1.215280E-3	4.713476E-9	2.604492E+0
5.000000E-1	1.203177E-3	1.203177E-3	4.666534E-9	2.791992E+0
4.500000E-1	1.069539E-3	1.069539E-3	4.148217E-9	2.980469E+0
4.000000E-1	9.417404E-4	9.417404E-4	3.652549E-9	3.168945E+0
3.500000E-1	8.157505E-4	8.157505E-4	3.163896E-9	3.356445E+0
3.000000E-1	6.911052E-4	6.911052E-4	2.680458E-9	3.544922E+0
2.500000E-1	5.698462E-4	5.698462E-4	2.210154E-9	3.732422E+0
2.000000E-1	4.499700E-4	4.499700E-4	1.745213E-9	3.920898E+0
1.500000E-1	3.300306E-4	3.300306E-4	1.280027E-9	4.109375E+0
1.000000E-1	1.597631E-4	1.597631E-4	6.196426E-10	4.520508E+0
5.000000E-2	9.932401E-5	9.932401E-5	3.852291E-10	4.708984E+0
0.000000E+0	9.371084E-6	-9.371084E-6	-3.634584E-11	5.604492E+0
-5.000000E-2	1.767965E-5	-1.767965E-5	-6.857068E-11	6.128906E+0
-1.000000E-1	2.029874E-5	-2.029874E-5	-7.872884E-11	6.652344E+0
-1.500000E-1	3.278770E-4	-3.278770E-4	-1.271674E-9	7.228516E+0
-2.000000E-1	4.547103E-4	-4.547103E-4	-1.763598E-9	7.416992E+0
-2.500000E-1	5.674139E-4	-5.674139E-4	-2.200720E-9	7.604492E+0
-3.000000E-1	6.787708E-4	-6.787708E-4	-2.632619E-9	7.792969E+0
-3.500000E-1	7.893153E-4	-7.893153E-4	-3.061367E-9	7.980469E+0
-4.000000E-1	8.976108E-4	-8.976108E-4	-3.481392E-9	8.168945E+0
-4.500000E-1	1.005202E-3	-1.005202E-3	-3.898685E-9	8.357422E+0
-5.000000E-1	1.113605E-3	-1.113605E-3	-4.319127E-9	8.544922E+0
-5.000000E-1	1.103410E-3	-1.103410E-3	-4.279586E-9	8.733398E+0
-4.500000E-1	9.775510E-4	-9.775510E-4	-3.791441E-9	8.921875E+0
-4.000000E-1	8.582676E-4	-8.582676E-4	-3.328799E-9	9.109375E+0
-3.500000E-1	7.414686E-4	-7.414686E-4	-2.875793E-9	9.297852E+0
-3.000000E-1	6.249313E-4	-6.249313E-4	-2.423802E-9	9.486328E+0
-2.500000E-1	5.100454E-4	-5.100454E-4	-1.978216E-9	9.673828E+0
-2.000000E-1	3.979898E-4	-3.979898E-4	-1.543607E-9	9.862305E+0
-1.500000E-1	2.864121E-4	-2.864121E-4	-1.110852E-9	1.004980E+1
-1.000000E-1	1.848440E-4	-1.848440E-4	-7.169190E-10	1.084863E+1
-5.000000E-2	7.513484E-5	-7.513484E-5	-2.914112E-10	1.126074E+1
0.000000E+0	3.654113E-5	3.654113E-5	1.417251E-10	1.144922E+1
0.000000E+0	3.248524E-5	3.248524E-5	1.259943E-10	1.163867E+1
5.000000E-2	1.388199E-4	1.388199E-4	5.384144E-10	1.182715E+1
1.000000E-1	1.684295E-4	1.684295E-4	6.532555E-10	1.201563E+1
1.500000E-1	3.497947E-4	3.497947E-4	1.356682E-9	1.259180E+1
2.000000E-1	4.580105E-4	4.580105E-4	1.776398E-9	1.277930E+1
2.500000E-1	5.632721E-4	5.632721E-4	2.184656E-9	1.296777E+1
3.000000E-1	6.684078E-4	6.684078E-4	2.592426E-9	1.315625E+1
3.500000E-1	7.720334E-4	7.720334E-4	2.994339E-9	1.334375E+1
4.000000E-1	8.741735E-4	8.741735E-4	3.390490E-9	1.353223E+1
4.500000E-1	9.767494E-4	9.767494E-4	3.788332E-9	1.372070E+1
5.000000E-1	1.078253E-3	1.078253E-3	4.182013E-9	1.390820E+1
5.000000E-1	1.067357E-3	1.067357E-3	4.139753E-9	1.409668E+1
4.500000E-1	9.485760E-4	9.485760E-4	3.679061E-9	1.428418E+1
4.000000E-1	8.358309E-4	8.358309E-4	3.241778E-9	1.447266E+1
3.500000E-1	7.246972E-4	7.246972E-4	2.810745E-9	1.466113E+1
3.000000E-1	6.142022E-4	6.142022E-4	2.382189E-9	1.484863E+1
2.500000E-1	5.067065E-4	5.067065E-4	1.965266E-9	1.503711E+1
2.000000E-1	4.004575E-4	4.004575E-4	1.553178E-9	1.522559E+1
1.500000E-1	2.944304E-4	2.944304E-4	1.141951E-9	1.541309E+1
1.000000E-1	1.540787E-4	1.540787E-4	5.975957E-10	1.582520E+1
5.000000E-2	8.969075E-5	8.969075E-5	3.478664E-10	1.601367E+1
0.000000E+0	6.402720E-6	-6.402720E-6	-2.483301E-11	1.690918E+1
-5.000000E-2	1.001244E-4	-1.001244E-4	-3.883334E-10	1.751562E+1
-1.000000E-1	1.597094E-4	-1.597094E-4	-6.194343E-10	1.770410E+1
-1.500000E-1	1.810748E-4	-1.810748E-4	-7.023004E-10	1.789258E+1
-2.000000E-1	4.010878E-4	-4.010878E-4	-1.555623E-9	1.846875E+1
-2.500000E-1	5.021718E-4	-5.021718E-4	-1.947678E-9	1.865723E+1
-3.000000E-1	6.009690E-4	-6.009690E-4	-2.330864E-9	1.884473E+1
-3.500000E-1	6.997644E-4	-6.997644E-4	-2.714043E-9	1.903320E+1
-4.000000E-1	7.974293E-4	-7.974293E-4	-3.092837E-9	1.922070E+1
-4.500000E-1	8.931599E-4	-8.931599E-4	-3.464129E-9	1.940918E+1
-5.000000E-1	9.890614E-4	-9.890614E-4	-3.836084E-9	1.959766E+1
-5.000000E-1	9.803549E-4	-9.803549E-4	-3.802316E-9	1.978516E+1
-4.500000E-1	8.685695E-4	-8.685695E-4	-3.368755E-9	1.997363E+1
-4.000000E-1	7.616065E-4	-7.616065E-4	-2.953898E-9	2.016211E+1
-3.500000E-1	6.577669E-4	-6.577669E-4	-2.551155E-9	2.034961E+1
-3.000000E-1	5.549243E-4	-5.549243E-4	-2.152279E-9	2.053809E+1
-2.500000E-1	4.526739E-4	-4.526739E-4	-1.755700E-9	2.072559E+1
-2.000000E-1	3.523173E-4	-3.523173E-4	-1.366466E-9	2.091406E+1
-1.500000E-1	1.707022E-4	-1.707022E-4	-6.620702E-10	2.132617E+1
-1.000000E-1	1.626910E-4	-1.626910E-4	-6.309984E-10	2.190137E+1
-5.000000E-2	6.507209E-5	-6.507209E-5	-2.523827E-10	2.231348E+1
0.000000E+0	3.554824E-5	3.554824E-5	1.378742E-10	2.250195E+1
0.000000E+0	3.193451E-5	3.193451E-5	1.238583E-10	2.269141E+1
5.000000E-2	1.308484E-4	1.308484E-4	5.074968E-10	2.287988E+1
1.000000E-1	1.634085E-4	1.634085E-4	6.337816E-10	2.306836E+1
1.500000E-1	3.152420E-4	3.152420E-4	1.222669E-9	2.364453E+1
2.000000E-1	4.129816E-4	4.129816E-4	1.601753E-9	2.383203E+1
2.500000E-1	5.073511E-4	5.073511E-4	1.967766E-9	2.402051E+1
3.000000E-1	6.018694E-4	6.018694E-4	2.334356E-9	2.420898E+1
3.500000E-1	6.948262E-4	6.948262E-4	2.694890E-9	2.439648E+1
4.000000E-1	7.863977E-4	7.863977E-4	3.050051E-9	2.458496E+1
4.500000E-1	8.777236E-4	8.777236E-4	3.404259E-9	2.477246E+1
5.000000E-1	9.688977E-4	9.688977E-4	3.757879E-9	2.496094E+1
5.000000E-1	9.590367E-4	9.590367E-4	3.719633E-9	2.514941E+1
4.500000E-1	8.520051E-4	8.520051E-4	3.304510E-9	2.533691E+1
4.000000E-1	7.506708E-4	7.506708E-4	2.911484E-9	2.552539E+1
3.500000E-1	6.509493E-4	6.509493E-4	2.524713E-9	2.571387E+1
3.000000E-1	5.521469E-4	5.521469E-4	2.141507E-9	2.590137E+1
2.500000E-1	4.548020E-4	4.548020E-4	1.763954E-9	2.608984E+1
2.000000E-1	3.596369E-4	3.596369E-4	1.394855E-9	2.627734E+1
1.500000E-1	2.646599E-4	2.646599E-4	1.026486E-9	2.646582E+1
1.000000E-1	1.486819E-4	1.486819E-4	5.766640E-10	2.687793E+1
5.000000E-2	8.015463E-5	8.015463E-5	3.108805E-10	2.706641E+1
0.000000E+0	5.477207E-6	-5.477207E-6	-2.124340E-11	2.796191E+1
-5.000000E-2	8.405438E-5	-8.405438E-5	-3.260057E-10	2.856836E+1
-1.000000E-1	1.549547E-4	-1.549547E-4	-6.009933E-10	2.875684E+1
-1.500000E-1	1.761620E-4	-1.761620E-4	-6.832459E-10	2.894531E+1
-2.000000E-1	3.628938E-4	-3.628938E-4	-1.407487E-9	2.952148E+1
-2.500000E-1	4.551429E-4	-4.551429E-4	-1.765276E-9	2.970898E+1
-3.000000E-1	5.448049E-4	-5.448049E-4	-2.113031E-9	2.989746E+1
-3.500000E-1	6.342857E-4	-6.342857E-4	-2.460083E-9	3.008594E+1
-4.000000E-1	7.231793E-4	-7.231793E-4	-2.804858E-9	3.027344E+1
-4.500000E-1	8.101989E-4	-8.101989E-4	-3.142364E-9	3.046191E+1
-5.000000E-1	8.972065E-4	-8.972065E-4	-3.479824E-9	3.065039E+1
-5.000000E-1	8.888964E-4	-8.888964E-4	-3.447593E-9	3.083789E+1
-4.500000E-1	7.872906E-4	-7.872906E-4	-3.053514E-9	3.102637E+1
-4.000000E-1	6.897869E-4	-6.897869E-4	-2.675345E-9	3.121387E+1
-3.500000E-1	5.950894E-4	-5.950894E-4	-2.308060E-9	3.140234E+1
-3.000000E-1	5.017918E-4	-5.017918E-4	-1.946204E-9	3.159082E+1
-2.500000E-1	4.086516E-4	-4.086516E-4	-1.584959E-9	3.177832E+1
-2.000000E-1	3.173080E-4	-3.173080E-4	-1.230682E-9	3.196680E+1
-1.500000E-1	1.655295E-4	-1.655295E-4	-6.420076E-10	3.237793E+1
-1.000000E-1	1.400955E-4	-1.400955E-4	-5.433618E-10	3.256738E+1
-5.000000E-2	5.192423E-5	-5.192423E-5	-2.013886E-10	3.275586E+1
0.000000E+0	3.819908E-5	3.819908E-5	1.481555E-10	3.294434E+1
0.000000E+0	3.270818E-5	3.270818E-5	1.268590E-10	3.313379E+1
5.000000E-2	1.224854E-4	1.224854E-4	4.750606E-10	3.332227E+1
1.000000E-1	2.011627E-4	2.011627E-4	7.802115E-10	3.389844E+1
1.500000E-1	2.904582E-4	2.904582E-4	1.126545E-9	3.408594E+1
2.000000E-1	3.765488E-4	3.765488E-4	1.460448E-9	3.427441E+1
2.500000E-1	4.626816E-4	4.626816E-4	1.794515E-9	3.446289E+1
3.000000E-1	5.475103E-4	5.475103E-4	2.123524E-9	3.465039E+1
3.500000E-1	6.312801E-4	6.312801E-4	2.448426E-9	3.483887E+1
4.000000E-1	7.153846E-4	7.153846E-4	2.774626E-9	3.502734E+1
4.500000E-1	7.988982E-4	7.988982E-4	3.098534E-9	3.521484E+1
5.000000E-1	8.813311E-4	8.813311E-4	3.418251E-9	3.540332E+1
5.000000E-1	8.723029E-4	8.723029E-4	3.383235E-9	3.559082E+1
4.500000E-1	7.761693E-4	7.761693E-4	3.010380E-9	3.577930E+1
4.000000E-1	6.835492E-4	6.835492E-4	2.651152E-9	3.596777E+1
3.500000E-1	5.920782E-4	5.920782E-4	2.296381E-9	3.615527E+1
3.000000E-1	5.024134E-4	5.024134E-4	1.948615E-9	3.634375E+1
2.500000E-1	4.146500E-4	4.146500E-4	1.608224E-9	3.653125E+1
2.000000E-1	3.273209E-4	3.273209E-4	1.269517E-9	3.671973E+1
1.500000E-1	1.688212E-4	1.688212E-4	6.547745E-10	3.713184E+1
1.000000E-1	1.436952E-4	1.436952E-4	5.573232E-10	3.732031E+1
5.000000E-2	7.269496E-5	7.269496E-5	2.819481E-10	3.750879E+1
0.000000E+0	4.856373E-6	-4.856373E-6	-1.883549E-11	3.840430E+1
-5.000000E-2	1.712620E-5	-1.712620E-5	-6.642414E-11	3.892773E+1
-1.000000E-1	1.438409E-4	-1.438409E-4	-5.578884E-10	3.953418E+1
-1.500000E-1	2.440194E-4	-2.440194E-4	-9.464314E-10	4.011035E+1
-2.000000E-1	3.282632E-4	-3.282632E-4	-1.273172E-9	4.029785E+1
-2.500000E-1	4.099054E-4	-4.099054E-4	-1.589822E-9	4.048633E+1
-3.000000E-1	4.917794E-4	-4.917794E-4	-1.907371E-9	4.067383E+1
-3.500000E-1	5.723714E-4	-5.723714E-4	-2.219948E-9	4.086230E+1
-4.000000E-1	6.516323E-4	-6.516323E-4	-2.527362E-9	4.105078E+1
-4.500000E-1	7.311920E-4	-7.311920E-4	-2.835935E-9	4.123828E+1
-5.000000E-1	8.109528E-4	-8.109528E-4	-3.145288E-9	4.142676E+1
-5.000000E-1	8.025462E-4	-8.025462E-4	-3.112683E-9	4.161426E+1
-4.500000E-1	7.107607E-4	-7.107607E-4	-2.756692E-9	4.180273E+1
-4.000000E-1	6.239848E-4	-6.239848E-4	-2.420131E-9	4.199121E+1
-3.500000E-1	5.383684E-4	-5.383684E-4	-2.088067E-9	4.217871E+1
-3.000000E-1	4.532540E-4	-4.532540E-4	-1.757950E-9	4.236719E+1
-2.500000E-1	3.698923E-4	-3.698923E-4	-1.434631E-9	4.255566E+1
-2.000000E-1	2.878712E-4	-2.878712E-4	-1.116511E-9	4.274316E+1
-1.500000E-1	2.128465E-4	-2.128465E-4	-8.255272E-10	4.354199E+1
-1.000000E-1	1.317909E-4	-1.317909E-4	-5.111522E-10	4.395313E+1
-5.000000E-2	4.824647E-5	-4.824647E-5	-1.871244E-10	4.414258E+1
0.000000E+0	3.375444E-5	3.375444E-5	1.309169E-10	4.433105E+1
0.000000E+0	2.939580E-5	2.939580E-5	1.140119E-10	4.452051E+1
5.000000E-2	1.119118E-4	1.119118E-4	4.340511E-10	4.470898E+1
1.000000E-1	1.836676E-4	1.836676E-4	7.123564E-10	4.528516E+1
1.500000E-1	2.658297E-4	2.658297E-4	1.031023E-9	4.547266E+1
2.000000E-1	3.446729E-4	3.446729E-4	1.336817E-9	4.566113E+1
2.500000E-1	4.235282E-4	4.235282E-4	1.642658E-9	4.584863E+1
3.000000E-1	5.012225E-4	5.012225E-4	1.943996E-9	4.603711E+1
3.500000E-1	5.773001E-4	5.773001E-4	2.239064E-9	4.622559E+1
4.000000E-1	6.529983E-4	6.529983E-4	2.532660E-9	4.641309E+1
4.500000E-1	7.286475E-4	7.286475E-4	2.826066E-9	4.660156E+1
5.000000E-1	8.033988E-4	8.033988E-4	3.115990E-9	4.678906E+1
5.000000E-1	7.942417E-4	7.942417E-4	3.080474E-9	4.697754E+1
4.500000E-1	7.061481E-4	7.061481E-4	2.738802E-9	4.716602E+1
4.000000E-1	6.217811E-4	6.217811E-4	2.411584E-9	4.735352E+1
3.500000E-1	5.385749E-4	5.385749E-4	2.088868E-9	4.754199E+1
3.000000E-1	4.568577E-4	4.568577E-4	1.771927E-9	4.773047E+1
2.500000E-1	3.772496E-4	3.772496E-4	1.463166E-9	4.791797E+1
2.000000E-1	2.980024E-4	2.980024E-4	1.155805E-9	4.810645E+1
1.500000E-1	1.636286E-4	1.636286E-4	6.346350E-10	4.851758E+1
1.000000E-1	1.383676E-4	1.383676E-4	5.366602E-10	4.870703E+1
5.000000E-2	6.536931E-5	6.536931E-5	2.535355E-10	4.889551E+1
0.000000E+0	4.693883E-6	-4.693883E-6	-1.820527E-11	4.979102E+1
-5.000000E-2	1.701032E-5	-1.701032E-5	-6.597467E-11	5.031445E+1
-1.000000E-1	1.354312E-4	-1.354312E-4	-5.252714E-10	5.125488E+1
-1.500000E-1	2.228634E-4	-2.228634E-4	-8.643779E-10	5.183105E+1
-2.000000E-1	3.003672E-4	-3.003672E-4	-1.164977E-9	5.201855E+1
-2.500000E-1	3.756028E-4	-3.756028E-4	-1.456779E-9	5.220703E+1
-3.000000E-1	4.507850E-4	-4.507850E-4	-1.748374E-9	5.239551E+1
-3.500000E-1	5.245585E-4	-5.245585E-4	-2.034505E-9	5.258301E+1
-4.000000E-1	5.973470E-4	-5.973470E-4	-2.316816E-9	5.277148E+1
-4.500000E-1	6.703485E-4	-6.703485E-4	-2.599953E-9	5.295898E+1
-5.000000E-1	7.430958E-4	-7.430958E-4	-2.882104E-9	5.314746E+1
-5.000000E-1	7.348702E-4	-7.348702E-4	-2.850201E-9	5.333594E+1
-4.500000E-1	6.502351E-4	-6.502351E-4	-2.521943E-9	5.352344E+1
-4.000000E-1	5.705558E-4	-5.705558E-4	-2.212906E-9	5.371191E+1
-3.500000E-1	4.916484E-4	-4.916484E-4	-1.906863E-9	5.390039E+1
-3.000000E-1	4.135426E-4	-4.135426E-4	-1.603929E-9	5.408789E+1
-2.500000E-1	3.372120E-4	-3.372120E-4	-1.307880E-9	5.427637E+1
-2.000000E-1	2.620509E-4	-2.620509E-4	-1.016367E-9	5.446387E+1
-1.500000E-1	1.940021E-4	-1.940021E-4	-7.524390E-10	5.526270E+1
-1.000000E-1	1.198343E-4	-1.198343E-4	-4.647785E-10	5.567480E+1
-5.000000E-2	4.328155E-5	-4.328155E-5	-1.678679E-10	5.586328E+1
0.000000E+0	3.257473E-5	3.257473E-5	1.263414E-10	5.605176E+1
0.000000E+0	2.822731E-5	2.822731E-5	1.094799E-10	5.624121E+1
5.000000E-2	1.038878E-4	1.038878E-4	4.029298E-10	5.642969E+1
1.000000E-1	1.692431E-4	1.692431E-4	6.564109E-10	5.700586E+1
1.500000E-1	2.358649E-4	2.358649E-4	9.148042E-10	5.780469E+1
2.000000E-1	3.115952E-4	3.115952E-4	1.208525E-9	5.799219E+1
2.500000E-1	3.838364E-4	3.838364E-4	1.488713E-9	5.818066E+1
3.000000E-1	4.562526E-4	4.562526E-4	1.769580E-9	5.836816E+1
3.500000E-1	5.281423E-4	5.281423E-4	2.048405E-9	5.855664E+1
4.000000E-1	5.988349E-4	5.988349E-4	2.322587E-9	5.874512E+1
4.500000E-1	6.688652E-4	6.688652E-4	2.594200E-9	5.893262E+1
5.000000E-1	7.392796E-4	7.392796E-4	2.867303E-9	5.912109E+1
5.000000E-1	7.316176E-4	7.316176E-4	2.837586E-9	5.930859E+1
4.500000E-1	6.490846E-4	6.490846E-4	2.517481E-9	5.949707E+1
4.000000E-1	5.709621E-4	5.709621E-4	2.214482E-9	5.968555E+1
3.500000E-1	4.948280E-4	4.948280E-4	1.919195E-9	5.987305E+1
3.000000E-1	4.193580E-4	4.193580E-4	1.626484E-9	6.006152E+1
2.500000E-1	3.447806E-4	3.447806E-4	1.337235E-9	6.025000E+1
2.000000E-1	2.723954E-4	2.723954E-4	1.056488E-9	6.043750E+1
1.500000E-1	1.589053E-4	1.589053E-4	6.163159E-10	6.084961E+1
1.000000E-1	1.324595E-4	1.324595E-4	5.137454E-10	6.103809E+1
5.000000E-2	5.867512E-5	5.867512E-5	2.275720E-10	6.122656E+1
0.000000E+0	5.245544E-6	-5.245544E-6	-2.034489E-11	6.212207E+1
-5.000000E-2	6.106366E-5	-6.106366E-5	-2.368360E-10	6.272852E+1
-1.000000E-1	1.411571E-4	-1.411571E-4	-5.474791E-10	6.291699E+1
-1.500000E-1	1.632123E-4	-1.632123E-4	-6.330203E-10	6.310645E+1
-2.000000E-1	2.786181E-4	-2.786181E-4	-1.080623E-9	6.368164E+1
-2.500000E-1	3.505914E-4	-3.505914E-4	-1.359772E-9	6.387012E+1
-3.000000E-1	4.197151E-4	-4.197151E-4	-1.627869E-9	6.405762E+1
-3.500000E-1	4.889077E-4	-4.889077E-4	-1.896233E-9	6.424609E+1
-4.000000E-1	5.578543E-4	-5.578543E-4	-2.163643E-9	6.443457E+1
-4.500000E-1	6.250927E-4	-6.250927E-4	-2.424428E-9	6.462207E+1
-5.000000E-1	6.923105E-4	-6.923105E-4	-2.685133E-9	6.481055E+1
-5.000000E-1	6.858609E-4	-6.858609E-4	-2.660118E-9	6.499805E+1
-4.500000E-1	6.073346E-4	-6.073346E-4	-2.355553E-9	6.518652E+1
-4.000000E-1	5.317875E-4	-5.317875E-4	-2.062543E-9	6.537500E+1
-3.500000E-1	4.585076E-4	-4.585076E-4	-1.778326E-9	6.556250E+1
-3.000000E-1	3.865560E-4	-3.865560E-4	-1.499261E-9	6.575098E+1
-2.500000E-1	3.143813E-4	-3.143813E-4	-1.219331E-9	6.593945E+1
-2.000000E-1	1.716663E-4	-1.716663E-4	-6.658092E-10	6.635059E+1
-1.500000E-1	1.530585E-4	-1.530585E-4	-5.936387E-10	6.653906E+1
-1.000000E-1	1.070294E-4	-1.070294E-4	-4.151147E-10	6.672852E+1
-5.000000E-2	3.762229E-5	-3.762229E-5	-1.459184E-10	6.691699E+1
0.000000E+0	3.248031E-5	3.248031E-5	1.259752E-10	6.710547E+1
0.000000E+0	2.792243E-5	2.792243E-5	1.082974E-10	6.729492E+1
5.000000E-2	9.823687E-5	9.823687E-5	3.810126E-10	6.748340E+1
1.000000E-1	1.588744E-4	1.588744E-4	6.161960E-10	6.805957E+1
1.500000E-1	2.209973E-4	2.209973E-4	8.571401E-10	6.885742E+1
2.000000E-1	2.920153E-4	2.920153E-4	1.132584E-9	6.904590E+1
2.500000E-1	3.597524E-4	3.597524E-4	1.395303E-9	6.923340E+1
3.000000E-1	4.274993E-4	4.274993E-4	1.658060E-9	6.942188E+1
3.500000E-1	4.942775E-4	4.942775E-4	1.917060E-9	6.961035E+1
4.000000E-1	5.599674E-4	5.599674E-4	2.171839E-9	6.979785E+1
4.500000E-1	6.252997E-4	6.252997E-4	2.425231E-9	6.998633E+1
5.000000E-1	6.911982E-4	6.911982E-4	2.680819E-9	7.017480E+1
5.000000E-1	6.840012E-4	6.840012E-4	2.652905E-9	7.036230E+1
4.500000E-1	6.069610E-4	6.069610E-4	2.354104E-9	7.055078E+1
4.000000E-1	5.341928E-4	5.341928E-4	2.071872E-9	7.073828E+1
3.500000E-1	4.630202E-4	4.630202E-4	1.795828E-9	7.092676E+1
3.000000E-1	3.924036E-4	3.924036E-4	1.521941E-9	7.111523E+1
2.500000E-1	3.226616E-4	3.226616E-4	1.251446E-9	7.130273E+1
2.000000E-1	1.747674E-4	1.747674E-4	6.778371E-10	7.171484E+1
1.500000E-1	1.551198E-4	1.551198E-4	6.016335E-10	7.190332E+1
1.000000E-1	1.231106E-4	1.231106E-4	4.774856E-10	7.209180E+1
5.000000E-2	5.380946E-5	5.380946E-5	2.087005E-10	7.228125E+1
0.000000E+0	5.865594E-6	-5.865594E-6	-2.274976E-11	7.317578E+1
-5.000000E-2	6.115048E-5	-6.115048E-5	-2.371727E-10	7.378223E+1
-1.000000E-1	1.368612E-4	-1.368612E-4	-5.308175E-10	7.397168E+1
-1.500000E-1	1.601579E-4	-1.601579E-4	-6.211740E-10	7.416016E+1
-2.000000E-1	2.621994E-4	-2.621994E-4	-1.016943E-9	7.473633E+1
-2.500000E-1	3.293868E-4	-3.293868E-4	-1.277530E-9	7.492383E+1
-3.000000E-1	3.944301E-4	-3.944301E-4	-1.529801E-9	7.511230E+1
-3.500000E-1	4.593025E-4	-4.593025E-4	-1.781409E-9	7.529980E+1
-4.000000E-1	5.233449E-4	-5.233449E-4	-2.029798E-9	7.548828E+1
-4.500000E-1	5.861919E-4	-5.861919E-4	-2.273551E-9	7.567676E+1
-5.000000E-1	6.492448E-4	-6.492448E-4	-2.518102E-9	7.586426E+1
-5.000000E-1	6.427897E-4	-6.427897E-4	-2.493066E-9	7.605273E+1
-4.500000E-1	5.682998E-4	-5.682998E-4	-2.204156E-9	7.624121E+1
-4.000000E-1	4.979158E-4	-4.979158E-4	-1.931171E-9	7.642871E+1
-3.500000E-1	4.294846E-4	-4.294846E-4	-1.665760E-9	7.661719E+1
-3.000000E-1	3.616706E-4	-3.616706E-4	-1.402743E-9	7.680469E+1
-2.500000E-1	2.942607E-4	-2.942607E-4	-1.141293E-9	7.699316E+1
-2.000000E-1	1.682140E-4	-1.682140E-4	-6.524195E-10	7.740527E+1
-1.500000E-1	1.492792E-4	-1.492792E-4	-5.789809E-10	7.759375E+1
-1.000000E-1	9.985756E-5	-9.985756E-5	-3.872985E-10	7.778223E+1
-5.000000E-2	3.519770E-5	-3.519770E-5	-1.365146E-10	7.797070E+1
0.000000E+0	3.185556E-5	3.185556E-5	1.235521E-10	7.816016E+1
0.000000E+0	2.665284E-5	2.665284E-5	1.033733E-10	7.834863E+1
5.000000E-2	9.259585E-5	9.259585E-5	3.591339E-10	7.853809E+1
1.000000E-1	1.437597E-4	1.437597E-4	5.575735E-10	7.872656E+1
1.500000E-1	1.649802E-4	1.649802E-4	6.398772E-10	7.891504E+1
2.000000E-1	1.828844E-4	1.828844E-4	7.093187E-10	7.910352E+1
2.500000E-1	3.406167E-4	3.406167E-4	1.321085E-9	7.967969E+1
3.000000E-1	4.054555E-4	4.054555E-4	1.572563E-9	7.986816E+1
3.500000E-1	4.684694E-4	4.684694E-4	1.816963E-9	8.005566E+1
4.000000E-1	5.312453E-4	5.312453E-4	2.060440E-9	8.024414E+1
4.500000E-1	5.928105E-4	5.928105E-4	2.299221E-9	8.043164E+1
5.000000E-1	6.541691E-4	6.541691E-4	2.537201E-9	8.062012E+1
5.000000E-1	6.477403E-4	6.477403E-4	2.512267E-9	8.080859E+1
4.500000E-1	5.748757E-4	5.748757E-4	2.229661E-9	8.099609E+1
4.000000E-1	5.052900E-4	5.052900E-4	1.959772E-9	8.118457E+1
3.500000E-1	4.376429E-4	4.376429E-4	1.697402E-9	8.137305E+1
3.000000E-1	3.715933E-4	3.715933E-4	1.441228E-9	8.156055E+1
2.500000E-1	3.057597E-4	3.057597E-4	1.185892E-9	8.174902E+1
2.000000E-1	1.715690E-4	1.715690E-4	6.654318E-10	8.216016E+1
1.500000E-1	1.523301E-4	1.523301E-4	5.908137E-10	8.234863E+1
1.000000E-1	1.161297E-4	1.161297E-4	4.504102E-10	8.253809E+1
5.000000E-2	5.133586E-5	5.133586E-5	1.991066E-10	8.272656E+1
0.000000E+0	3.787125E-6	-3.787125E-6	-1.468840E-11	8.362207E+1
-5.000000E-2	1.679363E-5	-1.679363E-5	-6.513425E-11	8.414551E+1
-1.000000E-1	1.222816E-4	-1.222816E-4	-4.742705E-10	8.475195E+1
-1.500000E-1	1.577403E-4	-1.577403E-4	-6.117973E-10	8.494043E+1
-2.000000E-1	1.747963E-4	-1.747963E-4	-6.779490E-10	8.512891E+1
-2.500000E-1	3.096911E-4	-3.096911E-4	-1.201140E-9	8.570508E+1
-3.000000E-1	3.732473E-4	-3.732473E-4	-1.447643E-9	8.589355E+1
-3.500000E-1	4.350777E-4	-4.350777E-4	-1.687453E-9	8.608105E+1
-4.000000E-1	4.966086E-4	-4.966086E-4	-1.926101E-9	8.626953E+1
-4.500000E-1	5.571826E-4	-5.571826E-4	-2.161038E-9	8.645703E+1
-5.000000E-1	6.171363E-4	-6.171363E-4	-2.393569E-9	8.664551E+1
-5.000000E-1	6.108406E-4	-6.108406E-4	-2.369151E-9	8.683398E+1
-4.500000E-1	5.406072E-4	-5.406072E-4	-2.096750E-9	8.702148E+1
-4.000000E-1	4.729923E-4	-4.729923E-4	-1.834505E-9	8.720996E+1
-3.500000E-1	4.073970E-4	-4.073970E-4	-1.580093E-9	8.739844E+1
-3.000000E-1	3.432692E-4	-3.432692E-4	-1.331373E-9	8.758594E+1
-2.500000E-1	2.793315E-4	-2.793315E-4	-1.083390E-9	8.777441E+1
-2.000000E-1	2.225751E-4	-2.225751E-4	-8.632597E-10	8.857324E+1
-1.500000E-1	1.609139E-4	-1.609139E-4	-6.241061E-10	8.937109E+1
-1.000000E-1	9.876361E-5	-9.876361E-5	-3.830556E-10	8.978320E+1
-5.000000E-2	3.497728E-5	-3.497728E-5	-1.356597E-10	8.997168E+1
0.000000E+0	2.937082E-5	2.937082E-5	1.139150E-10	9.016016E+1
0.000000E+0	1.451742E-5	1.451742E-5	5.630594E-11	9.105664E+1
5.000000E-2	1.730258E-5	1.730258E-5	6.710821E-11	9.158008E+1
1.000000E-1	1.951416E-5	1.951416E-5	7.568587E-11	9.210352E+1
1.500000E-1	1.959534E-4	1.959534E-4	7.600072E-10	9.309668E+1
2.000000E-1	2.589750E-4	2.589750E-4	1.004437E-9	9.328418E+1
2.500000E-1	3.196290E-4	3.196290E-4	1.239684E-9	9.347266E+1
3.000000E-1	3.802283E-4	3.802283E-4	1.474719E-9	9.366016E+1
3.500000E-1	4.394038E-4	4.394038E-4	1.704232E-9	9.384863E+1
4.000000E-1	4.980638E-4	4.980638E-4	1.931745E-9	9.403711E+1
4.500000E-1	5.569717E-4	5.569717E-4	2.160220E-9	9.422461E+1
5.000000E-1	6.154658E-4	6.154658E-4	2.387090E-9	9.441309E+1
5.000000E-1	6.087679E-4	6.087679E-4	2.361112E-9	9.460059E+1
4.500000E-1	5.402694E-4	5.402694E-4	2.095440E-9	9.478906E+1
4.000000E-1	4.757603E-4	4.757603E-4	1.845241E-9	9.497754E+1
3.500000E-1	4.118229E-4	4.118229E-4	1.597259E-9	9.516504E+1
3.000000E-1	3.488149E-4	3.488149E-4	1.352882E-9	9.535352E+1
2.500000E-1	2.871546E-4	2.871546E-4	1.113732E-9	9.554102E+1
2.000000E-1	1.681250E-4	1.681250E-4	6.520744E-10	9.595313E+1
1.500000E-1	1.718459E-4	1.718459E-4	6.665060E-10	9.652930E+1
1.000000E-1	1.126861E-4	1.126861E-4	4.370540E-10	9.694043E+1
5.000000E-2	4.968790E-5	4.968790E-5	1.927150E-10	9.712891E+1
0.000000E+0	3.245376E-6	-3.245376E-6	-1.258722E-11	9.802441E+1
-5.000000E-2	1.673052E-5	-1.673052E-5	-6.488947E-11	9.854883E+1
-1.000000E-1	1.890257E-5	-1.890257E-5	-7.331380E-11	9.907227E+1
-1.500000E-1	2.076426E-5	-2.076426E-5	-8.053438E-11	9.959570E+1
-2.000000E-1	2.299952E-4	-2.299952E-4	-8.920384E-10	1.005889E+2
-2.500000E-1	2.907589E-4	-2.907589E-4	-1.127711E-9	1.007764E+2
-3.000000E-1	3.497715E-4	-3.497715E-4	-1.356592E-9	1.009648E+2
-3.500000E-1	4.080447E-4	-4.080447E-4	-1.582605E-9	1.011523E+2
-4.000000E-1	4.651934E-4	-4.651934E-4	-1.804257E-9	1.013408E+2
-4.500000E-1	5.218631E-4	-5.218631E-4	-2.024051E-9	1.015293E+2
-5.000000E-1	5.787512E-4	-5.787512E-4	-2.244692E-9	1.017168E+2
-5.000000E-1	5.725738E-4	-5.725738E-4	-2.220733E-9	1.019053E+2
-4.500000E-1	5.057584E-4	-5.057584E-4	-1.961589E-9	1.020928E+2
-4.000000E-1	4.430950E-4	-4.430950E-4	-1.718548E-9	1.022812E+2
-3.500000E-1	3.818585E-4	-3.818585E-4	-1.481042E-9	1.024697E+2
-3.000000E-1	3.209052E-4	-3.209052E-4	-1.244634E-9	1.026572E+2
-2.500000E-1	2.608910E-4	-2.608910E-4	-1.011868E-9	1.028457E+2
-2.000000E-1	1.618441E-4	-1.618441E-4	-6.277139E-10	1.032568E+2
-1.500000E-1	1.421112E-4	-1.421112E-4	-5.511798E-10	1.034463E+2
-1.000000E-1	8.686064E-5	-8.686064E-5	-3.368898E-10	1.036348E+2
-5.000000E-2	2.928870E-5	-2.928870E-5	-1.135965E-10	1.038232E+2
0.000000E+0	3.106732E-5	3.106732E-5	1.204949E-10	1.040117E+2
0.000000E+0	1.452592E-5	1.452592E-5	5.633891E-11	1.049082E+2
5.000000E-2	1.725201E-5	1.725201E-5	6.691207E-11	1.054316E+2
1.000000E-1	1.944384E-5	1.944384E-5	7.541313E-11	1.059551E+2
1.500000E-1	1.851160E-4	1.851160E-4	7.179741E-10	1.069482E+2
2.000000E-1	2.378716E-4	2.378716E-4	9.225873E-10	1.077471E+2
2.500000E-1	2.973998E-4	2.973998E-4	1.153468E-9	1.079346E+2
3.000000E-1	3.549433E-4	3.549433E-4	1.376651E-9	1.081230E+2
3.500000E-1	4.119183E-4	4.119183E-4	1.597629E-9	1.083105E+2
4.000000E-1	4.673339E-4	4.673339E-4	1.812559E-9	1.084990E+2
4.500000E-1	5.226454E-4	5.226454E-4	2.027085E-9	1.086875E+2
5.000000E-1	5.783990E-4	5.783990E-4	2.243326E-9	1.088750E+2
5.000000E-1	5.720871E-4	5.720871E-4	2.218845E-9	1.090635E+2
4.500000E-1	5.070487E-4	5.070487E-4	1.966593E-9	1.092510E+2
4.000000E-1	4.458476E-4	4.458476E-4	1.729224E-9	1.094395E+2
3.500000E-1	3.862850E-4	3.862850E-4	1.498210E-9	1.096279E+2
3.000000E-1	3.268570E-4	3.268570E-4	1.267718E-9	1.098154E+2
2.500000E-1	2.684609E-4	2.684609E-4	1.041228E-9	1.100039E+2
2.000000E-1	1.639009E-4	1.639009E-4	6.356912E-10	1.104150E+2
1.500000E-1	1.439481E-4	1.439481E-4	5.583040E-10	1.106045E+2
1.000000E-1	1.006706E-4	1.006706E-4	3.904518E-10	1.107930E+2
5.000000E-2	4.221671E-5	4.221671E-5	1.637379E-10	1.109814E+2
0.000000E+0	6.669137E-6	-6.669137E-6	-2.586631E-11	1.118770E+2
-5.000000E-2	4.839215E-5	-4.839215E-5	-1.876894E-10	1.124834E+2
-1.000000E-1	1.181085E-4	-1.181085E-4	-4.580848E-10	1.126719E+2
-1.500000E-1	1.522806E-4	-1.522806E-4	-5.906216E-10	1.128613E+2
-2.000000E-1	2.229829E-4	-2.229829E-4	-8.648415E-10	1.134365E+2
-2.500000E-1	2.805903E-4	-2.805903E-4	-1.088272E-9	1.136250E+2
-3.000000E-1	3.363870E-4	-3.363870E-4	-1.304680E-9	1.138125E+2
-3.500000E-1	3.916989E-4	-3.916989E-4	-1.519208E-9	1.140010E+2
-4.000000E-1	4.459873E-4	-4.459873E-4	-1.729766E-9	1.141895E+2
-4.500000E-1	4.995105E-4	-4.995105E-4	-1.937356E-9	1.143770E+2
-5.000000E-1	5.532999E-4	-5.532999E-4	-2.145979E-9	1.145654E+2
-5.000000E-1	5.470888E-4	-5.470888E-4	-2.121889E-9	1.147539E+2
-4.500000E-1	4.829332E-4	-4.829332E-4	-1.873061E-9	1.149414E+2
-4.000000E-1	4.227931E-4	-4.227931E-4	-1.639807E-9	1.151299E+2
-3.500000E-1	3.644006E-4	-3.644006E-4	-1.413331E-9	1.153174E+2
-3.000000E-1	3.063202E-4	-3.063202E-4	-1.188066E-9	1.155059E+2
-2.500000E-1	2.541460E-4	-2.541460E-4	-9.857075E-10	1.164922E+2
-2.000000E-1	1.596378E-4	-1.596378E-4	-6.191569E-10	1.169043E+2
-1.500000E-1	1.394406E-4	-1.394406E-4	-5.408216E-10	1.170928E+2
-1.000000E-1	8.234542E-5	-8.234542E-5	-3.193775E-10	1.172813E+2
-5.000000E-2	2.738173E-5	-2.738173E-5	-1.062003E-10	1.174707E+2
0.000000E+0	2.889623E-5	2.889623E-5	1.120743E-10	1.176592E+2
