Voltage	avgAbs_J	avgJ	avgCurrent	avgAbs_J	avgJ	avgCurrent	avgAbs_J	avgJ	avgCurrent	avgAbs_J	avgJ	avgCurrent	avgAbs_J	avgJ	avgCurrent	avgAbs_J	avgJ	avgCurrent	avgAbs_J	avgJ	avgCurrent
	YSR-1-25A			YSR-1-25B			YSR-1-25C			YSR-1-25D			YSR-1-25E			YSR-1-25F			YSR-1-25G		
0.05	2.72E-05	2.72E-05	1.05E-10	3.88E-07	-1.76E-07	-6.84E-13	0.00015614	9.37E-05	3.64E-10	2.56E-05	1.54E-05	5.96E-11	3.73E-05	2.21E-05	8.57E-11	2.07E-06	-1.22E-06	-4.72E-12	0.00024667	0.00014721	5.71E-10
0.1	0.65	0.65	2.52E-06	2.41E-07	-2.85E-08	-1.11E-13	2.7741	1.6644	6.46E-06	0.46016	0.27609	1.07E-06	0.84112	0.50467	1.96E-06	2.67E-06	1.60E-06	6.21E-12	2.7761	1.6657	6.46E-06
0.15	1.298	1.298	5.04E-06	7.91E-07	-1.36E-07	-5.25E-13	5.541	3.3246	1.29E-05	0.91928	0.55157	2.14E-06	1.6797	1.0078	3.91E-06	1.17E-06	3.32E-07	1.29E-12	5.5385	3.3231	1.29E-05
0.2	1.948	1.948	7.55E-06	7.69E-07	-3.53E-07	-1.37E-12	8.3068	4.9841	1.94E-05	1.3785	0.8271	3.21E-06	2.5182	1.5109	5.86E-06	1.06E-06	4.12E-07	1.60E-12	10.076	6.0454	2.34E-05
0.25	2.594	2.594	1.01E-05	3.48E-07	-1.95E-08	-7.58E-14	11.069	6.6416	2.58E-05	1.8373	1.1024	4.28E-06	3.3556	2.0133	7.80E-06	2.27E-06	8.86E-08	3.43E-13	13.711	8.2266	3.19E-05
0.3	3.24	3.24	1.26E-05	6.50E-07	3.31E-07	1.28E-12	13.83	8.2982	3.22E-05	2.2963	1.3778	5.34E-06	4.1932	2.5159	9.74E-06	1.62E-06	-7.85E-07	-3.05E-12	17.403	10.442	4.05E-05
0.35	3.89	3.89	1.51E-05	3.41E-07	-2.79E-08	-1.09E-13	16.597	9.9581	3.86E-05	2.7566	1.6539	6.42E-06	5.0314	3.0188	1.17E-05	8.90E-07	-5.34E-07	-2.07E-12	21.117	12.67	4.91E-05
0.4	4.538	4.538	1.76E-05	3.37E-07	5.23E-08	2.02E-13	19.364	11.618	4.51E-05	3.217	1.9302	7.49E-06	5.8755	3.5253	1.37E-05	1.07E-06	-5.61E-07	-2.18E-12	24.808	14.885	5.77E-05
0.45	5.184	5.184	2.01E-05	4.53E-07	7.80E-10	3.00E-15	22.132	13.279	5.15E-05	3.6776	2.2066	8.56E-06	6.7092	4.0255	1.56E-05	5.03E-07	-2.46E-08	-9.36E-14	28.414	17.049	6.61E-05
0.5	5.828	5.828	2.26E-05	1.20E-06	-2.99E-07	-1.16E-12	24.895	14.937	5.79E-05	4.1378	2.4827	9.62E-06	7.5428	4.5257	1.76E-05	6.85E-07	2.42E-07	9.36E-13	32.036	19.222	7.45E-05
0.5	6.472	6.472	2.51E-05	3.64E-07	1.85E-07	7.15E-13	27.657	16.594	6.44E-05	4.5986	2.7591	1.07E-05	8.3759	5.0256	1.95E-05	1.89E-07	5.51E-08	2.14E-13	35.635	21.381	8.29E-05
0.45	6.472	6.472	2.51E-05	3.45E-07	-1.71E-07	-6.62E-13	27.657	16.594	6.44E-05	4.5986	2.7592	1.07E-05	8.3744	5.0246	1.95E-05	4.54E-07	-2.45E-07	-9.49E-13	35.779	21.467	8.33E-05
0.4	5.828	5.828	2.26E-05	4.88E-07	-2.93E-07	-1.14E-12	24.895	14.937	5.79E-05	4.138	2.4828	9.62E-06	7.5367	4.522	1.75E-05	2.39E-06	-1.43E-06	-5.56E-12	32.201	19.321	7.49E-05
0.35	5.182	5.182	2.01E-05	1.52E-06	6.66E-07	2.58E-12	22.131	13.279	5.15E-05	3.6776	2.2065	8.56E-06	6.6972	4.0183	1.56E-05	2.41E-06	-1.45E-06	-5.61E-12	28.639	17.183	6.66E-05
0.3	4.534	4.534	1.76E-05	9.64E-07	3.44E-07	1.34E-12	19.363	11.618	4.51E-05	3.2168	1.9301	7.49E-06	5.8757	3.5254	1.37E-05	1.84E-05	1.07E-05	4.16E-11	25.134	15.081	5.85E-05
0.25	3.886	3.886	1.51E-05	8.47E-07	-2.78E-07	-1.08E-12	16.596	9.9578	3.86E-05	2.7565	1.6539	6.41E-06	5.0369	3.0222	1.17E-05	2.85E-05	1.68E-05	6.50E-11	21.542	12.925	5.01E-05
0.2	3.24	3.24	1.26E-05	1.04E-06	3.39E-07	1.32E-12	13.83	8.2978	3.22E-05	2.2962	1.3777	5.34E-06	4.1972	2.5183	9.76E-06	1.35E-05	7.75E-06	3.01E-11	17.963	10.778	4.18E-05
0.15	2.592	2.592	1.01E-05	1.35E-06	-7.68E-07	-2.97E-12	11.069	6.6412	2.58E-05	1.8374	1.1024	4.28E-06	3.3595	2.0157	7.82E-06	3.48E-06	1.74E-06	6.77E-12	14.378	8.6266	3.34E-05
0.1	1.944	1.944	7.55E-06	1.28E-06	-7.32E-07	-2.84E-12	8.3063	4.9838	1.94E-05	1.3785	0.8271	3.21E-06	2.5174	1.5105	5.86E-06	2.29E-06	1.03E-06	3.99E-12	10.802	6.4812	2.51E-05
0.05	1.298	1.298	5.04E-06	8.56E-07	-5.60E-09	-2.56E-14	5.5407	3.3244	1.29E-05	0.91933	0.5516	2.14E-06	1.6786	1.0071	3.91E-06	2.97E-07	-1.65E-07	-6.40E-13	7.2082	4.3249	1.68E-05
0	0.65	0.65	2.52E-06	5.56E-07	-1.70E-07	-6.59E-13	2.774	1.6644	6.45E-06	0.46021	0.27613	1.07E-06	0.83946	0.50367	1.95E-06	4.54E-07	-8.18E-08	-3.17E-13	3.6158	2.1695	8.41E-06
-0.05	2.04E-05	2.04E-05	7.92E-11	5.18E-07	1.57E-08	6.06E-14	0.00027155	0.00016293	6.31E-10	3.28E-05	1.96E-05	7.61E-11	3.56E-05	2.11E-05	8.18E-11	1.12E-06	-6.71E-07	-2.60E-12	1.53E-05	9.17E-06	3.56E-11
-0.1	0.647	-0.647	-2.51E-06	5.15E-07	-3.09E-07	-1.20E-12	2.7606	-1.6564	-6.42E-06	0.4578	-0.27468	-1.06E-06	0.83622	-0.50173	-1.95E-06	1.42E-06	-8.50E-07	-3.29E-12	3.6024	-2.1615	-8.39E-06
-0.15	1.296	-1.296	-5.02E-06	2.65E-07	-1.16E-07	-4.51E-13	5.5273	-3.3164	-1.29E-05	0.9164	-0.54984	-2.13E-06	1.6742	-1.0045	-3.89E-06	6.92E-07	-4.15E-07	-1.61E-12	7.2215	-4.3329	-1.68E-05
-0.2	1.942	-1.942	-7.53E-06	2.08E-07	-1.20E-07	-4.65E-13	8.2935	-4.9761	-1.93E-05	1.3746	-0.82478	-3.20E-06	2.5116	-1.5069	-5.85E-06	6.46E-07	-3.87E-07	-1.50E-12	10.84	-6.5041	-2.52E-05
-0.25	2.588	-2.588	-1.00E-05	2.85E-07	-5.80E-08	-2.24E-13	11.056	-6.6338	-2.57E-05	1.8322	-1.0993	-4.26E-06	3.3479	-2.0088	-7.79E-06	6.40E-07	-3.84E-07	-1.49E-12	14.456	-8.6738	-3.37E-05
-0.3	3.234	-3.234	-1.25E-05	2.68E-07	-1.61E-07	-6.24E-13	13.818	-8.2907	-3.21E-05	2.2895	-1.3737	-5.33E-06	4.1834	-2.5101	-9.72E-06	6.54E-07	-3.92E-07	-1.52E-12	18.055	-10.833	-4.20E-05
-0.35	3.88	-3.88	-1.50E-05	2.35E-07	-1.41E-07	-5.47E-13	16.585	-9.9509	-3.86E-05	2.7476	-1.6486	-6.39E-06	5.0208	-3.0125	-1.17E-05	6.36E-07	-3.81E-07	-1.48E-12	21.683	-13.01	-5.05E-05
-0.4	4.526	-4.526	-1.75E-05	2.28E-07	-1.07E-07	-4.14E-13	19.353	-11.612	-4.50E-05	3.2056	-1.9234	-7.46E-06	5.8577	-3.5146	-1.36E-05	7.12E-07	-4.27E-07	-1.66E-12	25.293	-15.176	-5.89E-05
-0.45	5.168	-5.168	-2.00E-05	2.12E-07	-7.85E-08	-3.04E-13	22.121	-13.273	-5.15E-05	3.664	-2.1984	-8.52E-06	6.6951	-4.0171	-1.56E-05	6.97E-07	-4.18E-07	-1.62E-12	28.923	-17.354	-6.73E-05
-0.5	5.814	-5.814	-2.26E-05	4.50E-07	-2.70E-07	-1.05E-12	24.883	-14.93	-5.79E-05	4.1213	-2.4728	-9.60E-06	7.5306	-4.5183	-1.75E-05	6.99E-07	-4.19E-07	-1.63E-12	32.545	-19.527	-7.57E-05
-0.5	6.458	-6.458	-2.51E-05	1.89E-07	-1.13E-07	-4.40E-13	27.646	-16.588	-6.43E-05	4.5786	-2.7472	-1.06E-05	8.3664	-5.0198	-1.95E-05	7.31E-07	-4.38E-07	-1.70E-12	36.159	-21.696	-8.42E-05
-0.45	6.458	-6.458	-2.51E-05	1.42E-07	-2.81E-08	-1.09E-13	27.646	-16.588	-6.43E-05	4.5786	-2.7471	-1.06E-05	8.3659	-5.0195	-1.95E-05	5.35E-07	-3.21E-07	-1.25E-12	36.143	-21.686	-8.41E-05
-0.4	5.814	-5.814	-2.26E-05	8.97E-08	5.38E-08	2.09E-13	24.883	-14.93	-5.79E-05	4.1213	-2.4728	-9.60E-06	7.5298	-4.5179	-1.75E-05	2.97E-07	-1.78E-07	-6.91E-13	32.531	-19.519	-7.57E-05
-0.35	5.17	-5.17	-2.01E-05	7.96E-08	4.01E-08	1.55E-13	22.12	-13.272	-5.15E-05	3.6641	-2.1985	-8.52E-06	6.6938	-4.0163	-1.56E-05	2.20E-07	-1.32E-07	-5.12E-13	28.919	-17.351	-6.73E-05
-0.3	4.528	-4.528	-1.75E-05	5.97E-08	3.44E-08	1.33E-13	19.353	-11.612	-4.50E-05	3.2057	-1.9234	-7.46E-06	5.8559	-3.5136	-1.36E-05	1.71E-07	-9.99E-08	-3.88E-13	25.298	-15.179	-5.89E-05
-0.25	3.88	-3.88	-1.50E-05	1.31E-07	7.22E-08	2.79E-13	16.585	-9.9512	-3.86E-05	2.7475	-1.6485	-6.39E-06	5.0183	-3.011	-1.17E-05	1.62E-07	-9.69E-08	-3.76E-13	21.675	-13.005	-5.04E-05
-0.2	3.236	-3.236	-1.26E-05	1.29E-07	7.73E-08	3.00E-13	13.818	-8.2909	-3.22E-05	2.2894	-1.3737	-5.33E-06	4.1811	-2.5086	-9.72E-06	1.91E-07	-1.95E-08	-7.51E-14	18.056	-10.834	-4.20E-05
-0.15	2.588	-2.588	-1.00E-05	1.35E-07	8.12E-08	3.14E-13	11.056	-6.6339	-2.57E-05	1.8322	-1.0993	-4.26E-06	3.3454	-2.0072	-7.78E-06	1.45E-07	-3.79E-08	-1.47E-13	14.446	-8.6675	-3.36E-05
-0.1	1.942	-1.942	-7.54E-06	1.12E-07	6.35E-08	2.46E-13	8.2934	-4.976	-1.93E-05	1.3747	-0.82482	-3.20E-06	2.5094	-1.5056	-5.84E-06	1.29E-07	-2.64E-08	-1.03E-13	10.837	-6.5024	-2.52E-05
-0.05	1.296	-1.296	-5.03E-06	1.29E-07	7.45E-08	2.90E-13	5.5272	-3.3163	-1.29E-05	0.91647	-0.54988	-2.13E-06	1.6726	-1.0035	-3.89E-06	1.46E-07	-2.14E-09	-8.40E-15	7.2263	-4.3358	-1.68E-05
0	0.6472	-0.6472	-2.51E-06	1.54E-07	9.22E-08	3.58E-13	2.7605	-1.6563	-6.42E-06	0.45781	-0.27469	-1.06E-06	0.83536	-0.50122	-1.94E-06	1.33E-07	8.88E-09	3.46E-14	3.6095	-2.1657	-8.41E-06
0	2.02E-05	2.02E-05	7.83E-11	1.49E-07	8.92E-08	3.46E-13	0.00030398	0.00018239	7.07E-10	4.19E-05	2.51E-05	9.76E-11	3.90E-05	2.34E-05	9.07E-11	1.58E-07	4.37E-08	1.70E-13	0.00035727	0.00021436	8.33E-10
0.05	5.91E-06	5.91E-06	2.29E-11	8.92E-08	5.30E-08	2.05E-13	0.00032178	0.00019307	7.49E-10	4.41E-05	2.60E-05	1.01E-10	1.59E-05	9.49E-06	3.69E-11	1.51E-07	-9.04E-08	-3.51E-13	0.00027492	0.00016495	6.39E-10
0.1	0.6504	0.6504	2.52E-06	1.85E-07	3.76E-08	1.46E-13	2.774	1.6644	6.46E-06	0.46016	0.2761	1.07E-06	0.83915	0.50349	1.95E-06	1.36E-07	3.94E-08	1.53E-13	3.6128	2.1677	8.40E-06
0.15	1.3	1.3	5.04E-06	3.77E-07	-1.00E-07	-3.88E-13	5.5412	3.3247	1.29E-05	0.91929	0.55157	2.14E-06	1.6761	1.0057	3.90E-06	1.62E-07	6.55E-08	2.53E-13	7.2595	4.3557	1.69E-05
0.2	1.948	1.948	7.56E-06	2.97E-07	1.78E-07	6.89E-13	8.3069	4.9841	1.93E-05	1.3784	0.82706	3.21E-06	2.5127	1.5076	5.85E-06	1.50E-07	7.56E-08	2.94E-13	10.887	6.5323	2.53E-05
0.25	2.596	2.596	1.01E-05	1.97E-07	1.18E-07	4.57E-13	11.069	6.6416	2.58E-05	1.8375	1.1025	4.28E-06	3.3483	2.009	7.79E-06	1.82E-07	1.09E-07	4.23E-13	14.511	8.7067	3.38E-05
0.3	3.242	3.242	1.26E-05	7.20E-07	4.32E-07	1.67E-12	13.83	8.2982	3.22E-05	2.2965	1.3779	5.34E-06	4.1831	2.5099	9.72E-06	1.74E-07	1.02E-07	3.94E-13	18.153	10.892	4.22E-05
0.35	3.892	3.892	1.51E-05	2.50E-07	-1.01E-08	-3.88E-14	16.597	9.9581	3.86E-05	2.7566	1.6539	6.42E-06	5.02	3.012	1.17E-05	2.30E-07	1.38E-07	5.34E-13	21.964	13.179	5.11E-05
0.4	4.538	4.538	1.76E-05	3.23E-07	-3.61E-08	-1.40E-13	19.364	11.618	4.51E-05	3.2172	1.9303	7.49E-06	5.857	3.5142	1.36E-05	2.18E-07	1.31E-07	5.07E-13	25.685	15.411	5.98E-05
0.45	5.186	5.186	2.01E-05	3.27E-07	1.96E-07	7.60E-13	22.131	13.279	5.15E-05	3.6778	2.2067	8.56E-06	6.694	4.0164	1.56E-05	3.35E-07	2.01E-07	7.81E-13	29.356	17.614	6.83E-05
0.5	5.832	5.832	2.26E-05	4.61E-07	2.76E-07	1.07E-12	24.895	14.937	5.79E-05	4.1384	2.483	9.64E-06	7.5298	4.5179	1.75E-05	2.90E-07	1.74E-07	6.75E-13	33.024	19.814	7.68E-05
0.5	6.478	6.478	2.51E-05	2.35E-07	1.41E-07	5.48E-13	27.657	16.594	6.44E-05	4.5992	2.7595	1.07E-05	8.3651	5.019	1.95E-05	2.53E-07	1.52E-07	5.89E-13	36.698	22.019	8.54E-05
0.45	6.478	6.478	2.51E-05	8.72E-08	3.25E-08	1.26E-13	27.658	16.595	6.44E-05	4.5993	2.7596	1.07E-05	8.3649	5.0189	1.95E-05	1.13E-07	6.80E-08	2.64E-13	36.753	22.052	8.55E-05
0.4	5.828	5.828	2.26E-05	2.22E-07	-6.66E-08	-2.58E-13	24.895	14.937	5.79E-05	4.1384	2.483	9.64E-06	7.5294	4.5176	1.75E-05	1.26E-07	-7.59E-08	-2.94E-13	33.157	19.894	7.72E-05
0.35	5.184	5.184	2.01E-05	2.90E-07	-1.32E-07	-5.13E-13	22.132	13.279	5.15E-05	3.6778	2.2067	8.56E-06	6.6936	4.0161	1.56E-05	1.63E-07	-9.80E-08	-3.80E-13	29.491	17.694	6.86E-05
0.3	4.538	4.538	1.76E-05	3.58E-07	-2.15E-07	-8.32E-13	19.364	11.618	4.51E-05	3.2174	1.9304	7.49E-06	5.8563	3.5138	1.36E-05	1.97E-07	-1.18E-07	-4.59E-13	25.805	15.483	6.01E-05
0.25	3.888	3.888	1.51E-05	2.35E-07	-1.14E-07	-4.43E-13	16.597	9.9584	3.86E-05	2.7569	1.6541	6.42E-06	5.0196	3.0117	1.17E-05	2.61E-07	-1.57E-07	-6.07E-13	22.119	13.271	5.15E-05
0.2	3.242	3.242	1.26E-05	2.73E-07	1.24E-08	4.80E-14	13.831	8.2985	3.22E-05	2.2967	1.378	5.34E-06	4.1828	2.5097	9.72E-06	3.82E-07	-2.29E-07	-8.87E-13	18.435	11.061	4.29E-05
0.15	2.594	2.594	1.01E-05	2.63E-07	-1.58E-07	-6.11E-13	11.07	6.6418	2.58E-05	1.8376	1.1026	4.28E-06	3.3478	2.0087	7.79E-06	3.54E-07	-2.12E-07	-8.23E-13	14.75	8.85	3.43E-05
0.1	1.946	1.946	7.55E-06	2.52E-07	-1.51E-07	-5.88E-13	8.3072	4.9843	1.93E-05	1.3787	0.82722	3.21E-06	2.5123	1.5074	5.85E-06	4.19E-07	-2.51E-07	-9.73E-13	13.14	7.884	3.06E-05
0.05	1.298	1.298	5.04E-06	4.48E-07	-2.69E-07	-1.04E-12	5.5414	3.3248	1.29E-05	0.91942	0.55165	2.14E-06	1.6758	1.0055	3.90E-06	3.63E-07	-2.18E-07	-8.44E-13	8.4035	5.0421	1.96E-05
0	0.6502	0.6502	2.52E-06	4.61E-07	-2.77E-07	-1.07E-12	2.7743	1.6646	6.46E-06	0.46022	0.27613	1.07E-06	0.83898	0.50339	1.95E-06	3.63E-07	-2.18E-07	-8.44E-13	3.6889	2.2134	8.58E-06
-0.05	2.58E-05	2.58E-05	9.99E-11	2.77E-07	-1.66E-07	-6.45E-13	0.00019437	0.00011662	4.54E-10	3.79E-05	2.28E-05	8.83E-11	1.42E-05	7.92E-06	3.07E-11	3.65E-07	-1.76E-07	-6.84E-13	0.00037104	0.00022263	8.63E-10
-0.1	0.6472	-0.6472	-2.51E-06	2.46E-07	-1.48E-07	-5.73E-13	2.7609	-1.6566	-6.43E-06	0.45796	-0.27478	-1.07E-06	0.83497	-0.50098	-1.94E-06	3.86E-07	-2.32E-07	-8.98E-13	3.6124	-2.1675	-8.40E-06
-0.15	1.296	-1.296	-5.03E-06	2.40E-07	-1.44E-07	-5.56E-13	5.528	-3.3168	-1.29E-05	0.91669	-0.55002	-2.13E-06	1.6718	-1.0031	-3.89E-06	3.87E-07	-2.32E-07	-9.03E-13	7.2653	-4.3592	-1.69E-05
-0.2	1.942	-1.942	-7.54E-06	2.45E-07	-1.47E-07	-5.71E-13	8.2943	-4.9766	-1.93E-05	1.3752	-0.8251	-3.20E-06	2.5082	-1.5049	-5.84E-06	5.04E-07	-3.03E-07	-1.17E-12	10.957	-6.5742	-2.55E-05
-0.25	2.588	-2.588	-1.00E-05	2.60E-07	-1.56E-07	-6.06E-13	11.058	-6.6346	-2.57E-05	1.8329	-1.0997	-4.27E-06	3.3437	-2.0062	-7.78E-06	5.23E-07	-3.14E-07	-1.22E-12	14.658	-8.7949	-3.41E-05
-0.3	3.236	-3.236	-1.26E-05	2.39E-07	-1.43E-07	-5.54E-13	13.819	-8.2917	-3.22E-05	2.2902	-1.3741	-5.33E-06	4.1788	-2.5073	-9.72E-06	5.23E-07	-3.14E-07	-1.22E-12	18.356	-11.013	-4.27E-05
-0.35	3.88	-3.88	-1.50E-05	1.90E-07	-1.14E-07	-4.43E-13	16.587	-9.9521	-3.86E-05	2.7484	-1.649	-6.39E-06	5.0155	-3.0093	-1.17E-05	6.34E-07	-3.80E-07	-1.47E-12	22.058	-13.235	-5.13E-05
-0.4	4.528	-4.528	-1.75E-05	2.26E-07	-1.36E-07	-5.27E-13	19.354	-11.612	-4.51E-05	3.2066	-1.924	-7.46E-06	5.8523	-3.5114	-1.36E-05	5.56E-07	-3.34E-07	-1.30E-12	25.77	-15.462	-6.00E-05
-0.45	5.17	-5.17	-2.01E-05	2.25E-07	-1.35E-07	-5.22E-13	22.123	-13.274	-5.15E-05	3.665	-2.199	-8.54E-06	6.6893	-4.0136	-1.56E-05	5.94E-07	-3.57E-07	-1.38E-12	29.49	-17.694	-6.86E-05
-0.5	5.814	-5.814	-2.26E-05	2.34E-07	-1.40E-07	-5.44E-13	24.884	-14.931	-5.79E-05	4.1221	-2.4733	-9.60E-06	7.5245	-4.5147	-1.75E-05	6.38E-07	-3.83E-07	-1.48E-12	33.195	-19.917	-7.73E-05
-0.5	6.458	-6.458	-2.51E-05	2.27E-07	-1.36E-07	-5.28E-13	27.648	-16.589	-6.44E-05	4.5794	-2.7476	-1.07E-05	8.3599	-5.0159	-1.95E-05	6.15E-07	-3.69E-07	-1.43E-12	36.918	-22.151	-8.59E-05
-0.45	6.458	-6.458	-2.51E-05	8.25E-08	-3.69E-08	-1.43E-13	27.647	-16.588	-6.44E-05	4.5794	-2.7477	-1.07E-05	8.3599	-5.0159	-1.95E-05	4.50E-07	-2.70E-07	-1.05E-12	36.932	-22.159	-8.59E-05
-0.4	5.814	-5.814	-2.26E-05	8.29E-08	4.97E-08	1.93E-13	24.884	-14.93	-5.79E-05	4.1221	-2.4732	-9.60E-06	7.5244	-4.5147	-1.75E-05	2.02E-07	-1.21E-07	-4.70E-13	33.237	-19.942	-7.74E-05
-0.35	5.174	-5.174	-2.01E-05	9.68E-08	5.81E-08	2.25E-13	22.121	-13.273	-5.15E-05	3.6649	-2.1989	-8.54E-06	6.6891	-4.0135	-1.56E-05	1.42E-07	-8.51E-08	-3.31E-13	29.541	-17.725	-6.88E-05
-0.3	4.528	-4.528	-1.75E-05	9.44E-08	5.66E-08	2.19E-13	19.353	-11.612	-4.51E-05	3.2065	-1.9239	-7.46E-06	5.8521	-3.5113	-1.36E-05	1.17E-07	-6.12E-08	-2.37E-13	25.846	-15.507	-6.01E-05
-0.25	3.88	-3.88	-1.50E-05	1.55E-07	9.29E-08	3.60E-13	16.585	-9.951	-3.86E-05	2.7482	-1.6489	-6.39E-06	5.0151	-3.0091	-1.17E-05	9.39E-08	-3.41E-08	-1.32E-13	22.147	-13.288	-5.15E-05
-0.2	3.236	-3.236	-1.26E-05	1.06E-07	6.38E-08	2.47E-13	13.818	-8.2907	-3.22E-05	2.2901	-1.3741	-5.33E-06	4.1782	-2.5069	-9.72E-06	9.62E-08	-2.79E-08	-1.08E-13	18.459	-11.076	-4.30E-05
-0.15	2.59	-2.59	-1.01E-05	1.92E-07	1.04E-07	4.05E-13	11.056	-6.6337	-2.57E-05	1.8328	-1.0997	-4.26E-06	3.343	-2.0058	-7.78E-06	1.21E-07	8.88E-09	3.46E-14	14.772	-8.8635	-3.44E-05
-0.1	1.942	-1.942	-7.54E-06	3.32E-07	1.99E-07	7.73E-13	8.2933	-4.976	-1.93E-05	1.3751	-0.82504	-3.20E-06	2.5077	-1.5046	-5.84E-06	1.16E-07	1.66E-08	6.44E-14	11.082	-6.649	-2.58E-05
-0.05	1.296	-1.296	-5.03E-06	1.71E-07	4.91E-08	1.90E-13	5.5272	-3.3163	-1.29E-05	0.91674	-0.55004	-2.13E-06	1.6714	-1.0028	-3.89E-06	1.28E-07	3.59E-08	1.39E-13	7.3853	-4.4312	-1.72E-05
0	0.6476	-0.6476	-2.51E-06	5.59E-07	3.35E-07	1.30E-12	2.7606	-1.6564	-6.43E-06	0.45801	-0.2748	-1.07E-06	0.8348	-0.50088	-1.94E-06	1.19E-07	4.81E-08	1.86E-13	3.6882	-2.2129	-8.58E-06
0	2.34E-05	2.34E-05	9.09E-11	3.35E-07	-7.02E-08	-2.72E-13	0.00031725	0.00019035	7.39E-10	3.11E-05	1.87E-05	7.23E-11	2.22E-05	1.33E-05	5.17E-11	1.38E-07	6.29E-08	2.44E-13	0.00013736	8.24E-05	3.20E-10
0.05	1.54E-05	1.54E-05	5.97E-11	1.52E-07	-5.37E-08	-2.09E-13	0.00030024	0.00018015	7.00E-10	5.96E-05	3.57E-05	1.38E-10	8.32E-06	4.95E-06	1.92E-11	6.32E-08	-3.72E-08	-1.44E-13	0.00011887	7.13E-05	2.77E-10
0.1	0.6506	0.6506	2.52E-06	3.69E-07	-8.07E-08	-3.13E-13	2.7734	1.6641	6.46E-06	0.46008	0.27605	1.07E-06	0.8387	0.50322	1.95E-06	1.17E-07	6.02E-08	2.33E-13	3.7085	2.2251	8.61E-06
0.15	1.3	1.3	5.04E-06	2.83E-07	1.70E-07	6.58E-13	5.5399	3.3239	1.29E-05	0.91919	0.55152	2.14E-06	1.6752	1.0051	3.90E-06	1.56E-07	9.34E-08	3.62E-13	7.4123	4.4474	1.73E-05
0.2	1.952	1.952	7.56E-06	6.74E-07	3.87E-07	1.50E-12	8.305	4.983	1.93E-05	1.3784	0.82702	3.21E-06	2.5113	1.5068	5.84E-06	1.96E-07	1.17E-07	4.55E-13	11.112	6.6672	2.59E-05
0.25	2.598	2.598	1.01E-05	4.78E-07	2.87E-07	1.11E-12	11.067	6.6402	2.58E-05	1.8371	1.1023	4.28E-06	3.3465	2.0079	7.79E-06	1.91E-07	1.15E-07	4.43E-13	14.806	8.8837	3.45E-05
0.3	3.242	3.242	1.26E-05	2.57E-07	1.54E-07	5.99E-13	13.827	8.2964	3.22E-05	2.296	1.3776	5.34E-06	4.1808	2.5085	9.72E-06	2.45E-07	1.47E-07	5.71E-13	18.499	11.099	4.31E-05
0.35	3.892	3.892	1.51E-05	1.50E-07	8.99E-08	3.48E-13	16.593	9.956	3.86E-05	2.7562	1.6537	6.42E-06	5.0172	3.0103	1.17E-05	2.58E-07	1.55E-07	6.01E-13	22.203	13.322	5.17E-05
0.4	4.538	4.538	1.76E-05	1.83E-07	1.10E-07	4.26E-13	19.36	11.616	4.51E-05	3.2165	1.9299	7.48E-06	5.8536	3.5122	1.36E-05	2.57E-07	1.10E-07	4.27E-13	25.909	15.545	6.03E-05
0.45	5.188	5.188	2.01E-05	2.24E-07	1.35E-07	5.22E-13	22.127	13.276	5.15E-05	3.6773	2.2064	8.56E-06	6.6901	4.0141	1.56E-05	4.19E-07	2.51E-07	9.75E-13	29.634	17.78	6.90E-05
0.5	5.834	5.834	2.26E-05	1.40E-07	8.38E-08	3.24E-13	24.89	14.934	5.79E-05	4.1378	2.4827	9.62E-06	7.5253	4.5152	1.75E-05	4.52E-07	2.71E-07	1.05E-12	33.345	20.007	7.76E-05
0.5	6.48	6.48	2.51E-05	1.28E-07	7.71E-08	2.99E-13	27.652	16.591	6.44E-05	4.5982	2.7589	1.07E-05	8.3602	5.0161	1.95E-05	3.67E-07	2.20E-07	8.54E-13	37.045	22.227	8.62E-05
0.45	6.48	6.48	2.51E-05	2.75E-08	4.49E-09	1.74E-14	27.652	16.591	6.44E-05	4.5982	2.7589	1.07E-05	8.3601	5.0161	1.95E-05	1.49E-07	8.95E-08	3.47E-13	37.17	22.302	8.65E-05
0.4	5.834	5.834	2.26E-05	1.51E-07	-9.03E-08	-3.50E-13	24.89	14.934	5.79E-05	4.1376	2.4825	9.62E-06	7.525	4.515	1.75E-05	1.16E-07	-6.93E-08	-2.69E-13	33.347	20.008	7.76E-05
0.35	5.186	5.186	2.01E-05	1.84E-07	-1.11E-07	-4.30E-13	22.127	13.276	5.15E-05	3.677	2.2062	8.56E-06	6.6898	4.0139	1.56E-05	1.47E-07	-8.84E-08	-3.43E-13	29.638	17.783	6.90E-05
0.3	4.538	4.538	1.76E-05	1.90E-07	-1.14E-07	-4.41E-13	19.36	11.616	4.51E-05	3.2169	1.9301	7.49E-06	5.8531	3.5118	1.36E-05	2.27E-07	-1.36E-07	-5.30E-13	25.924	15.554	6.03E-05
0.25	3.892	3.892	1.51E-05	2.55E-07	-1.53E-07	-5.92E-13	16.593	9.956	3.86E-05	2.7563	1.6538	6.42E-06	5.0168	3.0101	1.17E-05	2.15E-07	-1.29E-07	-5.02E-13	22.214	13.329	5.17E-05
0.2	3.242	3.242	1.26E-05	3.32E-07	-1.99E-07	-7.74E-13	13.827	8.2963	3.22E-05	2.2959	1.3776	5.34E-06	4.1804	2.5083	9.72E-06	2.41E-07	-1.44E-07	-5.61E-13	18.507	11.104	4.31E-05
0.15	2.594	2.594	1.01E-05	1.59E-07	-9.11E-08	-3.53E-13	11.067	6.64	2.57E-05	1.8371	1.1023	4.28E-06	3.346	2.0076	7.79E-06	3.00E-07	-1.80E-07	-6.97E-13	14.81	8.8857	3.45E-05
0.1	1.948	1.948	7.55E-06	2.52E-07	-1.51E-07	-5.86E-13	8.3049	4.9829	1.93E-05	1.3783	0.82698	3.21E-06	2.511	1.5066	5.84E-06	2.88E-07	-1.73E-07	-6.70E-13	11.113	6.6678	2.59E-05
0.05	1.298	1.298	5.04E-06	1.61E-07	-7.91E-08	-3.07E-13	5.5398	3.3239	1.29E-05	0.91913	0.55148	2.14E-06	1.675	1.005	3.90E-06	3.04E-07	-1.82E-07	-7.08E-13	7.4128	4.4477	1.72E-05
0	0.6502	0.6502	2.52E-06	3.85E-07	-1.67E-08	-6.46E-14	2.7735	1.6641	6.45E-06	0.46011	0.27607	1.07E-06	0.83861	0.50317	1.95E-06	3.37E-07	-2.02E-07	-7.85E-13	3.7117	2.227	8.62E-06
-0.05	2.16E-05	2.16E-05	8.37E-11	4.44E-07	-2.66E-07	-1.03E-12	0.00025087	0.00015052	5.85E-10	4.32E-05	2.55E-05	9.89E-11	4.35E-05	2.46E-05	9.53E-11	3.75E-07	-2.25E-07	-8.73E-13	0.00027754	0.00016653	6.46E-10
-0.1	0.6474	-0.6474	-2.51E-06	4.82E-07	-2.60E-07	-1.01E-12	2.7603	-1.6562	-6.42E-06	0.4578	-0.27468	-1.06E-06	0.83464	-0.50078	-1.94E-06	4.00E-07	-2.40E-07	-9.30E-13	4.5937	-2.7562	-1.07E-05
-0.15	1.296	-1.296	-5.03E-06	2.52E-07	-1.51E-07	-5.86E-13	5.5268	-3.3161	-1.29E-05	0.91645	-0.54987	-2.13E-06	1.6711	-1.0026	-3.89E-06	4.14E-07	-2.48E-07	-9.63E-13	9.2917	-5.575	-2.16E-05
-0.2	1.942	-1.942	-7.54E-06	2.72E-07	-6.73E-08	-2.61E-13	8.2928	-4.9757	-1.93E-05	1.3747	-0.8248	-3.20E-06	2.5072	-1.5043	-5.84E-06	4.48E-07	-2.69E-07	-1.04E-12	13.927	-8.3564	-3.24E-05
-0.25	2.588	-2.588	-1.00E-05	2.32E-07	-1.39E-07	-5.40E-13	11.055	-6.6333	-2.57E-05	1.8323	-1.0994	-4.26E-06	3.3424	-2.0055	-7.78E-06	4.51E-07	-2.71E-07	-1.05E-12	18.447	-11.068	-4.29E-05
-0.3	3.236	-3.236	-1.26E-05	2.88E-07	-1.73E-07	-6.71E-13	13.817	-8.2901	-3.22E-05	2.2896	-1.3738	-5.33E-06	4.1771	-2.5063	-9.72E-06	4.83E-07	-2.90E-07	-1.12E-12	18.493	-11.096	-4.30E-05
-0.35	3.88	-3.88	-1.51E-05	3.04E-07	-4.54E-08	-1.76E-13	16.583	-9.9501	-3.86E-05	2.7477	-1.6486	-6.39E-06	5.0135	-3.0081	-1.17E-05	4.91E-07	-2.95E-07	-1.14E-12	22.202	-13.321	-5.17E-05
-0.4	4.53	-4.53	-1.75E-05	2.39E-07	-1.44E-07	-5.56E-13	19.351	-11.611	-4.50E-05	3.2056	-1.9233	-7.46E-06	5.85	-3.51	-1.36E-05	4.85E-07	-2.91E-07	-1.13E-12	25.912	-15.547	-6.03E-05
-0.45	5.174	-5.174	-2.01E-05	3.13E-07	-1.88E-07	-7.30E-13	22.119	-13.271	-5.15E-05	3.6638	-2.1983	-8.52E-06	6.6868	-4.0121	-1.56E-05	5.59E-07	-3.35E-07	-1.30E-12	29.633	-17.78	-6.90E-05
-0.5	5.814	-5.814	-2.26E-05	2.31E-07	-8.98E-08	-3.48E-13	24.881	-14.929	-5.79E-05	4.1209	-2.4726	-9.60E-06	7.5218	-4.5131	-1.75E-05	5.73E-07	-3.44E-07	-1.34E-12	33.874	-20.324	-7.88E-05
-0.5	6.458	-6.458	-2.51E-05	2.60E-07	-1.56E-07	-6.04E-13	27.644	-16.587	-6.43E-05	4.5779	-2.7468	-1.06E-05	8.3571	-5.0143	-1.95E-05	5.75E-07	-3.45E-07	-1.34E-12	37.33	-22.398	-8.69E-05
-0.45	6.458	-6.458	-2.51E-05	1.25E-07	-3.80E-08	-1.48E-13	27.644	-16.587	-6.43E-05	4.5779	-2.7467	-1.06E-05	8.3572	-5.0143	-1.95E-05	4.08E-07	-2.45E-07	-9.52E-13	37.177	-22.306	-8.65E-05
-0.4	5.818	-5.818	-2.26E-05	1.81E-07	1.09E-07	4.22E-13	24.881	-14.929	-5.79E-05	4.1209	-2.4725	-9.60E-06	7.522	-4.5132	-1.75E-05	1.24E-07	-7.47E-08	-2.91E-13	37.349	-22.409	-8.69E-05
-0.35	5.176	-5.176	-2.01E-05	9.72E-08	5.64E-08	2.19E-13	22.119	-13.272	-5.15E-05	3.6639	-2.1983	-8.52E-06	6.6871	-4.0123	-1.56E-05	1.28E-07	-7.70E-08	-2.99E-13	29.634	-17.781	-6.90E-05
-0.3	4.53	-4.53	-1.75E-05	4.64E-07	-1.77E-07	-6.92E-13	19.351	-11.611	-4.50E-05	3.2053	-1.9232	-7.46E-06	5.8503	-3.5102	-1.36E-05	7.69E-08	-3.79E-08	-1.47E-13	25.919	-15.551	-6.03E-05
-0.25	3.882	-3.882	-1.51E-05	2.05E-07	1.01E-07	3.90E-13	16.584	-9.9506	-3.86E-05	2.7472	-1.6483	-6.39E-06	5.0137	-3.0082	-1.17E-05	7.22E-08	-1.98E-08	-7.66E-14	22.208	-13.325	-5.17E-05
-0.2	3.236	-3.236	-1.26E-05	2.86E-07	1.08E-07	4.18E-13	13.817	-8.2903	-3.22E-05	2.2893	-1.3736	-5.33E-06	4.1772	-2.5063	-9.72E-06	1.18E-07	1.58E-08	6.10E-14	18.498	-11.099	-4.30E-05
-0.15	2.59	-2.59	-1.01E-05	1.05E-07	6.30E-08	2.45E-13	11.056	-6.6334	-2.57E-05	1.832	-1.0992	-4.26E-06	3.3423	-2.0054	-7.78E-06	7.62E-08	7.48E-09	2.90E-14	14.801	-8.8807	-3.44E-05
-0.1	1.942	-1.942	-7.54E-06	2.13E-07	1.28E-07	4.95E-13	8.2929	-4.9758	-1.93E-05	1.3746	-0.82478	-3.20E-06	2.5072	-1.5043	-5.84E-06	1.21E-07	4.37E-08	1.69E-13	11.102	-6.6614	-2.59E-05
-0.05	1.296	-1.296	-5.03E-06	1.74E-07	1.04E-07	4.04E-13	5.527	-3.3162	-1.29E-05	0.9164	-0.54984	-2.13E-06	1.6711	-1.0027	-3.89E-06	1.00E-07	4.47E-08	1.73E-13	7.3992	-4.4395	-1.72E-05
0	0.6478	-0.6478	-2.51E-06	1.89E-07	1.14E-07	4.41E-13	2.7605	-1.6563	-6.42E-06	0.45776	-0.27466	-1.06E-06	0.83463	-0.50078	-1.94E-06	1.11E-07	6.23E-08	2.42E-13	3.6967	-2.218	-8.61E-06
0	6.24E-06	6.24E-06	2.42E-11	3.59E-07	-4.13E-08	-1.61E-13	0.00035355	0.00021213	8.23E-10	2.97E-05	1.78E-05	6.93E-11	4.17E-05	2.50E-05	9.72E-11	1.31E-07	7.71E-08	3.00E-13	0.00020847	0.00012508	4.84E-10
0.05	5.80E-06	5.80E-06	2.25E-11	9.67E-08	-4.32E-08	-1.68E-13	0.00010068	6.04E-05	2.34E-10	3.79E-05	2.28E-05	8.84E-11	2.27E-05	1.36E-05	5.27E-11	5.51E-08	-2.61E-08	-1.01E-13	0.00019719	0.00011831	4.58E-10
0.1	0.651	0.651	2.52E-06	1.79E-07	1.08E-07	4.17E-13	2.7738	1.6643	6.46E-06	0.4601	0.27606	1.07E-06	0.83856	0.50314	1.95E-06	1.38E-07	8.26E-08	3.20E-13	3.7152	2.2291	8.64E-06
0.15	1.3	1.3	5.04E-06	1.49E-07	8.94E-08	3.46E-13	5.5405	3.3243	1.29E-05	0.91915	0.55149	2.14E-06	1.6749	1.0049	3.90E-06	1.73E-07	1.04E-07	4.03E-13	7.4195	4.4517	1.73E-05
0.2	1.952	1.952	7.56E-06	3.44E-07	1.97E-07	7.63E-13	8.3059	4.9835	1.93E-05	1.3782	0.82694	3.21E-06	2.5108	1.5065	5.84E-06	2.03E-07	1.22E-07	4.72E-13	11.123	6.6736	2.59E-05
0.25	2.598	2.598	1.01E-05	1.31E-07	4.98E-08	1.93E-13	11.068	6.6408	2.58E-05	1.8372	1.1023	4.28E-06	3.3458	2.0075	7.79E-06	2.07E-07	1.24E-07	4.80E-13	14.822	8.8934	3.45E-05
0.3	3.244	3.244	1.26E-05	1.36E-07	4.88E-08	1.90E-13	13.829	8.2973	3.22E-05	2.2961	1.3777	5.34E-06	4.1801	2.5081	9.72E-06	2.33E-07	1.40E-07	5.41E-13	18.524	11.114	4.31E-05
0.35	3.894	3.894	1.51E-05	2.03E-07	1.22E-07	4.73E-13	16.595	9.957	3.86E-05	2.7561	1.6537	6.41E-06	5.0164	3.0098	1.17E-05	2.90E-07	1.74E-07	6.75E-13	22.236	13.341	5.17E-05
0.4	4.54	4.54	1.76E-05	1.69E-07	7.77E-08	3.02E-13	19.362	11.617	4.51E-05	3.2165	1.9299	7.49E-06	5.8526	3.5116	1.36E-05	3.01E-07	1.80E-07	6.99E-13	25.95	15.57	6.04E-05
0.45	5.19	5.19	2.01E-05	1.89E-07	1.13E-07	4.39E-13	22.129	13.277	5.15E-05	3.6769	2.2062	8.56E-06	6.6891	4.0135	1.56E-05	3.19E-07	1.91E-07	7.42E-13	29.668	17.801	6.91E-05
0.5	5.834	5.834	2.26E-05	2.07E-07	3.06E-08	1.18E-13	24.892	14.935	5.79E-05	4.1374	2.4825	9.60E-06	7.5242	4.5145	1.75E-05	3.12E-07	1.87E-07	7.26E-13	33.374	20.024	7.77E-05
0.5	6.48	6.48	2.51E-05	1.20E-07	7.19E-08	2.79E-13	27.654	16.593	6.44E-05	4.598	2.7588	1.07E-05	8.3591	5.0155	1.95E-05	3.60E-07	2.16E-07	8.37E-13	37.074	22.245	8.63E-05
0.45	6.48	6.48	2.51E-05	8.80E-08	5.22E-08	2.03E-13	27.654	16.593	6.44E-05	4.5979	2.7587	1.07E-05	8.359	5.0154	1.95E-05	1.72E-07	1.03E-07	4.01E-13	37.074	22.244	8.63E-05
0.4	5.834	5.834	2.26E-05	1.52E-07	-9.10E-08	-3.53E-13	24.892	14.935	5.79E-05	4.1373	2.4824	9.60E-06	7.524	4.5144	1.75E-05	6.35E-08	-3.56E-08	-1.38E-13	33.366	20.02	7.76E-05
0.35	5.186	5.186	2.01E-05	1.56E-07	-9.38E-08	-3.64E-13	22.128	13.277	5.15E-05	3.6768	2.2061	8.56E-06	6.6888	4.0133	1.56E-05	1.31E-07	-7.84E-08	-3.04E-13	29.66	17.796	6.90E-05
0.3	4.538	4.538	1.76E-05	1.63E-07	-9.76E-08	-3.78E-13	19.361	11.617	4.51E-05	3.2163	1.9298	7.48E-06	5.8523	3.5114	1.36E-05	1.94E-07	-1.16E-07	-4.52E-13	25.947	15.568	6.04E-05
0.25	3.892	3.892	1.51E-05	2.11E-07	-1.27E-07	-4.91E-13	16.594	9.9565	3.86E-05	2.7557	1.6534	6.41E-06	5.0161	3.0097	1.17E-05	1.78E-07	-1.07E-07	-4.13E-13	22.233	13.34	5.17E-05
0.2	3.242	3.242	1.26E-05	1.67E-07	-1.00E-07	-3.89E-13	13.828	8.2968	3.22E-05	2.2958	1.3775	5.34E-06	4.18	2.508	9.72E-06	2.33E-07	-1.40E-07	-5.43E-13	18.525	11.115	4.31E-05
0.15	2.594	2.594	1.01E-05	2.02E-07	-1.21E-07	-4.70E-13	11.067	6.6404	2.58E-05	1.8369	1.1021	4.28E-06	3.3457	2.0074	7.79E-06	2.54E-07	-1.52E-07	-5.90E-13	14.826	8.8955	3.45E-05
0.1	1.95	1.95	7.55E-06	2.14E-07	-1.28E-07	-4.97E-13	8.3054	4.9832	1.93E-05	1.3782	0.8269	3.21E-06	2.5107	1.5064	5.84E-06	2.67E-07	-1.60E-07	-6.21E-13	11.125	6.6747	2.59E-05
0.05	1.3	1.3	5.04E-06	2.78E-07	-1.67E-07	-6.48E-13	5.54	3.324	1.29E-05	0.91911	0.55146	2.14E-06	1.6748	1.0049	3.90E-06	3.22E-07	-1.93E-07	-7.50E-13	7.4203	4.4522	1.73E-05
0	0.6504	0.6504	2.52E-06	2.07E-07	-1.24E-07	-4.81E-13	2.7736	1.6642	6.45E-06	0.46004	0.27603	1.07E-06	0.83854	0.50312	1.95E-06	3.00E-07	-1.80E-07	-6.98E-13	3.7154	2.2292	8.64E-06
-0.05	3.11E-05	3.11E-05	1.21E-10	1.69E-07	-1.01E-07	-3.93E-13	0.00037176	0.00022306	8.65E-10	4.46E-05	2.64E-05	1.02E-10	2.04E-05	1.21E-05	4.69E-11	3.58E-07	-2.15E-07	-8.33E-13	0.00025114	0.00015068	5.84E-10
-0.1	0.6476	-0.6476	-2.51E-06	2.08E-07	-1.25E-07	-4.83E-13	2.7604	-1.6562	-6.42E-06	0.45767	-0.2746	-1.06E-06	0.83454	-0.50073	-1.94E-06	3.56E-07	-2.14E-07	-8.29E-13	3.6933	-2.216	-8.60E-06
-0.15	1.296	-1.296	-5.03E-06	2.23E-07	-1.34E-07	-5.20E-13	5.527	-3.3162	-1.29E-05	0.91616	-0.54969	-2.13E-06	1.6709	-1.0025	-3.89E-06	3.94E-07	-2.36E-07	-9.17E-13	7.402	-4.4412	-1.72E-05
-0.2	1.942	-1.942	-7.54E-06	2.89E-07	-1.74E-07	-6.72E-13	8.2929	-4.9757	-1.93E-05	1.3743	-0.82456	-3.20E-06	2.5069	-1.5042	-5.84E-06	4.17E-07	-2.50E-07	-9.69E-13	11.107	-6.6642	-2.59E-05
-0.25	2.59	-2.59	-1.00E-05	2.38E-07	-1.43E-07	-5.55E-13	11.056	-6.6335	-2.57E-05	1.8318	-1.0991	-4.26E-06	3.3419	-2.0052	-7.78E-06	4.38E-07	-2.63E-07	-1.02E-12	14.809	-8.8853	-3.45E-05
-0.3	3.236	-3.236	-1.26E-05	2.13E-07	-1.28E-07	-4.96E-13	13.817	-8.2905	-3.22E-05	2.289	-1.3734	-5.33E-06	4.1768	-2.5061	-9.72E-06	5.06E-07	-3.04E-07	-1.18E-12	18.51	-11.106	-4.31E-05
-0.35	3.884	-3.884	-1.51E-05	2.90E-07	-1.74E-07	-6.74E-13	16.585	-9.9508	-3.86E-05	2.7468	-1.6481	-6.39E-06	5.0132	-3.0079	-1.17E-05	4.89E-07	-2.93E-07	-1.14E-12	22.223	-13.334	-5.17E-05
-0.4	4.53	-4.53	-1.75E-05	2.40E-07	-1.44E-07	-5.60E-13	19.352	-11.611	-4.50E-05	3.2046	-1.9228	-7.46E-06	5.8496	-3.5098	-1.36E-05	5.00E-07	-3.00E-07	-1.17E-12	25.95	-15.57	-6.04E-05
-0.45	5.174	-5.174	-2.01E-05	2.36E-07	-1.42E-07	-5.50E-13	22.12	-13.272	-5.15E-05	3.663	-2.1978	-8.52E-06	6.6865	-4.0119	-1.56E-05	5.36E-07	-3.22E-07	-1.25E-12	37.31	-22.386	-8.68E-05
-0.5	5.82	-5.82	-2.26E-05	1.98E-07	-1.19E-07	-4.62E-13	24.882	-14.929	-5.79E-05	4.1204	-2.4722	-9.60E-06	7.5214	-4.5128	-1.75E-05	5.29E-07	-3.17E-07	-1.23E-12	42.027	-25.216	-9.78E-05
-0.5	6.46	-6.46	-2.51E-05	2.21E-07	-1.33E-07	-5.15E-13	27.645	-16.587	-6.43E-05	4.5775	-2.7465	-1.06E-05	8.3565	-5.0139	-1.95E-05	5.55E-07	-3.33E-07	-1.29E-12	46.704	-28.023	-0.00010869
-0.45	6.46	-6.46	-2.51E-05	7.46E-08	-4.23E-08	-1.64E-13	27.645	-16.587	-6.43E-05	4.5774	-2.7465	-1.06E-05	8.3565	-5.0139	-1.95E-05	3.24E-07	-1.94E-07	-7.53E-13	46.705	-28.023	-0.00010869
-0.4	5.82	-5.82	-2.26E-05	7.44E-08	4.46E-08	1.73E-13	24.882	-14.929	-5.79E-05	4.1202	-2.4721	-9.60E-06	7.5213	-4.5128	-1.75E-05	1.36E-07	-8.18E-08	-3.17E-13	42.043	-25.226	-9.78E-05
-0.35	5.176	-5.176	-2.01E-05	1.70E-07	5.80E-09	2.20E-14	22.12	-13.272	-5.15E-05	3.6633	-2.198	-8.52E-06	6.6865	-4.0119	-1.56E-05	1.16E-07	-6.96E-08	-2.70E-13	37.379	-22.427	-8.70E-05
-0.3	4.53	-4.53	-1.76E-05	2.19E-07	1.31E-07	5.08E-13	19.351	-11.611	-4.50E-05	3.2051	-1.923	-7.46E-06	5.8496	-3.5098	-1.36E-05	7.77E-08	-1.70E-08	-6.60E-14	32.699	-19.619	-7.61E-05
-0.25	3.884	-3.884	-1.51E-05	1.52E-07	9.10E-08	3.53E-13	16.584	-9.9504	-3.86E-05	2.747	-1.6482	-6.39E-06	5.0132	-3.0079	-1.17E-05	1.17E-07	1.83E-08	7.10E-14	28.019	-16.811	-6.52E-05
-0.2	3.236	-3.236	-1.26E-05	1.43E-07	8.57E-08	3.32E-13	13.817	-8.2902	-3.22E-05	2.289	-1.3734	-5.33E-06	4.1768	-2.5061	-9.72E-06	7.55E-08	1.68E-08	6.52E-14	23.335	-14.001	-5.43E-05
-0.15	2.59	-2.59	-1.01E-05	1.55E-07	9.30E-08	3.61E-13	11.056	-6.6334	-2.57E-05	1.8319	-1.0992	-4.26E-06	3.342	-2.0052	-7.78E-06	1.00E-07	2.83E-08	1.10E-13	18.615	-11.169	-4.33E-05
-0.1	1.942	-1.942	-7.54E-06	1.39E-07	8.37E-08	3.25E-13	8.2929	-4.9757	-1.93E-05	1.3746	-0.82474	-3.20E-06	2.5069	-1.5042	-5.84E-06	9.44E-08	4.48E-08	1.74E-13	12.655	-7.5933	-2.95E-05
-0.05	1.296	-1.296	-5.03E-06	1.37E-07	8.20E-08	3.18E-13	5.527	-3.3162	-1.29E-05	0.91621	-0.54973	-2.13E-06	1.6709	-1.0025	-3.89E-06	1.04E-07	6.24E-08	2.42E-13	7.4115	-4.4469	-1.72E-05
0	0.648	-0.648	-2.51E-06	1.18E-07	7.08E-08	2.75E-13	2.7606	-1.6564	-6.43E-06	0.4577	-0.27462	-1.06E-06	0.83456	-0.50074	-1.94E-06	9.97E-08	5.98E-08	2.32E-13	3.6971	-2.2183	-8.61E-06
0	2.22E-05	2.22E-05	8.59E-11	1.39E-07	8.34E-08	3.24E-13	0.00016359	9.82E-05	3.80E-10	4.30E-05	2.58E-05	1.00E-10	4.38E-05	2.63E-05	1.02E-10	2.03E-07	1.22E-07	4.72E-13	0.00012286	7.37E-05	2.86E-10
0.05	1.92E-05	1.92E-05	7.43E-11	5.28E-08	1.54E-08	5.95E-14	1.90E-05	1.14E-05	4.41E-11	3.54E-05	2.12E-05	8.24E-11	2.35E-05	1.40E-05	5.44E-11	5.29E-08	-2.80E-08	-1.09E-13	0.00010138	6.08E-05	2.36E-10
0.1	0.651	0.651	2.52E-06	1.30E-07	7.80E-08	3.03E-13	2.7737	1.6642	6.45E-06	0.46007	0.27604	1.07E-06	0.83844	0.50306	1.95E-06	1.45E-07	8.70E-08	3.38E-13	3.7132	2.2279	8.64E-06
0.15	1.3	1.3	5.04E-06	2.18E-07	1.31E-07	5.07E-13	5.5404	3.3242	1.29E-05	0.91914	0.55149	2.14E-06	1.6746	1.0048	3.90E-06	1.84E-07	1.10E-07	4.29E-13	7.4236	4.4542	1.73E-05
0.2	1.952	1.952	7.56E-06	2.26E-07	1.35E-07	5.25E-13	8.3059	4.9835	1.93E-05	1.3782	0.82692	3.21E-06	2.5105	1.5063	5.84E-06	2.07E-07	1.24E-07	4.82E-13	11.13	6.6781	2.59E-05
0.25	2.598	2.598	1.01E-05	1.78E-07	1.07E-07	4.13E-13	11.068	6.6408	2.58E-05	1.837	1.1022	4.28E-06	3.3455	2.0073	7.78E-06	2.19E-07	1.31E-07	5.09E-13	14.839	8.9032	3.45E-05
0.3	3.244	3.244	1.26E-05	1.27E-07	7.63E-08	2.96E-13	13.829	8.2972	3.22E-05	2.2959	1.3775	5.34E-06	4.1796	2.5078	9.72E-06	2.53E-07	1.52E-07	5.91E-13	18.545	11.127	4.31E-05
0.35	3.894	3.894	1.51E-05	1.22E-07	7.32E-08	2.84E-13	16.595	9.957	3.86E-05	2.756	1.6536	6.41E-06	5.0157	3.0094	1.17E-05	2.65E-07	1.59E-07	6.17E-13	22.262	13.357	5.18E-05
0.4	4.542	4.542	1.76E-05	2.26E-07	1.35E-07	5.25E-13	19.361	11.617	4.51E-05	3.2165	1.9299	7.49E-06	5.8519	3.5111	1.36E-05	3.03E-07	1.82E-07	7.05E-13	25.985	15.591	6.05E-05
0.45	5.19	5.19	2.01E-05	3.07E-07	-2.34E-08	-8.98E-14	22.129	13.277	5.15E-05	3.677	2.2062	8.56E-06	6.6883	4.013	1.56E-05	3.08E-07	1.85E-07	7.18E-13	29.725	17.835	6.92E-05
0.5	5.834	5.834	2.26E-05	3.30E-07	1.98E-07	7.67E-13	24.892	14.935	5.79E-05	4.1373	2.4824	9.62E-06	7.5234	4.5141	1.75E-05	3.03E-07	1.82E-07	7.06E-13	33.458	20.075	7.79E-05
0.5	6.48	6.48	2.51E-05	2.31E-07	8.96E-08	3.48E-13	27.654	16.593	6.44E-05	4.5981	2.7589	1.07E-05	8.3581	5.0149	1.95E-05	3.35E-07	2.01E-07	7.79E-13	37.178	22.307	8.65E-05
0.45	6.48	6.48	2.51E-05	9.23E-08	2.45E-09	9.66E-15	27.654	16.593	6.44E-05	4.5982	2.7589	1.07E-05	8.3581	5.0149	1.95E-05	1.88E-07	1.13E-07	4.39E-13	37.181	22.309	8.65E-05
0.4	5.834	5.834	2.26E-05	1.34E-07	-2.83E-08	-1.10E-13	24.892	14.935	5.79E-05	4.1373	2.4824	9.62E-06	7.5233	4.514	1.75E-05	6.58E-08	-3.69E-08	-1.43E-13	33.436	20.062	7.78E-05
0.35	5.188	5.188	2.01E-05	2.02E-07	-1.21E-07	-4.70E-13	22.129	13.277	5.15E-05	3.6769	2.2061	8.56E-06	6.6882	4.0129	1.56E-05	1.24E-07	-7.47E-08	-2.89E-13	29.705	17.823	6.91E-05
0.3	4.538	4.538	1.76E-05	2.05E-07	-1.16E-07	-4.50E-13	19.362	11.617	4.51E-05	3.2163	1.9298	7.49E-06	5.8517	3.511	1.36E-05	1.62E-07	-9.74E-08	-3.78E-13	25.974	15.584	6.04E-05
0.25	3.892	3.892	1.51E-05	2.34E-07	-1.41E-07	-5.45E-13	16.595	9.9571	3.86E-05	2.756	1.6536	6.41E-06	5.0155	3.0093	1.17E-05	2.30E-07	-1.38E-07	-5.34E-13	22.251	13.351	5.18E-05
0.2	3.242	3.242	1.26E-05	2.08E-07	-1.25E-07	-4.84E-13	13.829	8.2972	3.22E-05	2.2959	1.3775	5.34E-06	4.1793	2.5076	9.72E-06	2.14E-07	-1.29E-07	-5.00E-13	18.535	11.121	4.31E-05
0.15	2.594	2.594	1.01E-05	1.87E-07	-1.12E-07	-4.36E-13	11.068	6.6407	2.58E-05	1.8371	1.1022	4.28E-06	3.3452	2.0071	7.78E-06	2.45E-07	-1.47E-07	-5.69E-13	14.83	8.8978	3.45E-05
0.1	1.95	1.95	7.56E-06	2.10E-07	-1.26E-07	-4.90E-13	8.3058	4.9835	1.93E-05	1.3782	0.82694	3.21E-06	2.5103	1.5062	5.84E-06	2.80E-07	-1.68E-07	-6.52E-13	11.129	6.6775	2.59E-05
0.05	1.3	1.3	5.04E-06	1.82E-07	-1.09E-07	-4.24E-13	5.5403	3.3242	1.29E-05	0.91907	0.55144	2.14E-06	1.6745	1.0047	3.90E-06	2.84E-07	-1.71E-07	-6.62E-13	7.422	4.4532	1.73E-05
0	0.6504	0.6504	2.52E-06	1.81E-07	-1.08E-07	-4.20E-13	2.7738	1.6643	6.45E-06	0.46011	0.27606	1.07E-06	0.83839	0.50304	1.95E-06	3.31E-07	-1.99E-07	-7.71E-13	3.716	2.2296	8.64E-06
-0.05	2.10E-05	2.10E-05	8.15E-11	2.03E-07	-1.22E-07	-4.72E-13	0.00022181	0.00013309	5.17E-10	3.72E-05	2.20E-05	8.52E-11	2.12E-05	1.26E-05	4.88E-11	3.38E-07	-2.03E-07	-7.87E-13	0.00026838	0.00016103	6.24E-10
-0.1	0.6478	-0.6478	-2.51E-06	2.37E-07	-1.42E-07	-5.53E-13	2.7605	-1.6563	-6.42E-06	0.45769	-0.27462	-1.06E-06	0.83444	-0.50067	-1.94E-06	3.59E-07	-2.15E-07	-8.35E-13	3.7009	-2.2206	-8.61E-06
-0.15	1.296	-1.296	-5.03E-06	2.84E-07	-1.70E-07	-6.61E-13	5.5272	-3.3163	-1.29E-05	0.91619	-0.54972	-2.13E-06	1.6707	-1.0024	-3.89E-06	4.15E-07	-2.49E-07	-9.67E-13	7.4085	-4.4451	-1.72E-05
-0.2	1.942	-1.942	-7.54E-06	1.73E-07	-8.48E-08	-3.28E-13	8.2933	-4.976	-1.93E-05	1.3743	-0.8246	-3.20E-06	2.5066	-1.504	-5.84E-06	3.98E-07	-2.39E-07	-9.28E-13	11.114	-6.6686	-2.59E-05
-0.25	2.59	-2.59	-1.00E-05	3.89E-07	3.73E-08	1.46E-13	11.056	-6.6336	-2.57E-05	1.8317	-1.099	-4.26E-06	3.3416	-2.0049	-7.78E-06	4.32E-07	-2.59E-07	-1.00E-12	14.821	-8.8926	-3.45E-05
-0.3	3.236	-3.236	-1.26E-05	1.20E-07	-7.20E-08	-2.79E-13	13.818	-8.2905	-3.22E-05	2.2888	-1.3733	-5.33E-06	4.1763	-2.5058	-9.72E-06	4.42E-07	-2.65E-07	-1.03E-12	21.35	-12.81	-4.97E-05
-0.35	3.884	-3.884	-1.51E-05	1.82E-07	-1.09E-07	-4.24E-13	16.585	-9.9508	-3.86E-05	2.7469	-1.6481	-6.39E-06	5.0126	-3.0075	-1.17E-05	4.62E-07	-2.77E-07	-1.08E-12	26.238	-15.743	-6.10E-05
-0.4	4.53	-4.53	-1.75E-05	1.80E-07	-9.90E-08	-3.84E-13	19.352	-11.611	-4.50E-05	3.2047	-1.9228	-7.46E-06	5.8489	-3.5094	-1.36E-05	4.93E-07	-2.96E-07	-1.15E-12	31.075	-18.645	-7.23E-05
-0.45	5.176	-5.176	-2.01E-05	2.44E-07	-7.68E-08	-2.98E-13	22.12	-13.272	-5.15E-05	3.6632	-2.1979	-8.52E-06	6.6856	-4.0114	-1.55E-05	5.05E-07	-3.03E-07	-1.18E-12	35.492	-21.295	-8.26E-05
-0.5	5.82	-5.82	-2.26E-05	2.02E-07	-1.21E-07	-4.69E-13	24.882	-14.929	-5.79E-05	4.1203	-2.4722	-9.60E-06	7.5204	-4.5122	-1.75E-05	5.33E-07	-3.20E-07	-1.24E-12	40.202	-24.121	-9.35E-05
-0.5	6.462	-6.462	-2.51E-05	3.42E-07	-2.05E-07	-7.93E-13	27.645	-16.587	-6.43E-05	4.5774	-2.7465	-1.06E-05	8.3555	-5.0133	-1.95E-05	5.43E-07	-3.26E-07	-1.26E-12	44.642	-26.785	-0.00010389
-0.45	6.462	-6.462	-2.51E-05	5.41E-07	-3.25E-07	-1.26E-12	27.645	-16.587	-6.43E-05	4.5771	-2.7463	-1.06E-05	8.3556	-5.0134	-1.95E-05	3.61E-07	-2.16E-07	-8.40E-13	44.591	-26.754	-0.00010377
-0.4	5.822	-5.822	-2.26E-05	3.66E-07	2.20E-07	8.50E-13	24.883	-14.93	-5.79E-05	4.12	-2.472	-9.60E-06	7.5206	-4.5123	-1.75E-05	1.14E-07	-6.85E-08	-2.65E-13	39.62	-23.772	-9.22E-05
-0.35	5.176	-5.176	-2.01E-05	3.97E-06	-2.22E-06	-8.64E-12	22.121	-13.272	-5.15E-05	3.6632	-2.1979	-8.52E-06	6.6859	-4.0115	-1.55E-05	6.32E-08	-3.52E-08	-1.36E-13	34.761	-20.857	-8.09E-05
-0.3	4.53	-4.53	-1.76E-05	1.84E-06	-9.99E-07	-3.87E-12	19.352	-11.611	-4.50E-05	3.2048	-1.9229	-7.46E-06	5.8492	-3.5095	-1.36E-05	6.48E-08	-8.34E-09	-3.24E-14	30.782	-18.469	-7.16E-05
-0.25	3.884	-3.884	-1.51E-05	9.42E-07	3.94E-07	1.53E-12	16.585	-9.9507	-3.86E-05	2.7469	-1.6481	-6.39E-06	5.0128	-3.0077	-1.17E-05	6.22E-08	1.72E-09	6.52E-15	26.616	-15.97	-6.19E-05
-0.2	3.238	-3.238	-1.26E-05	2.95E-07	1.28E-08	5.04E-14	13.818	-8.2906	-3.22E-05	2.2891	-1.3735	-5.33E-06	4.1765	-2.5059	-9.72E-06	6.88E-08	2.01E-08	7.78E-14	22.881	-13.729	-5.33E-05
-0.15	2.59	-2.59	-1.01E-05	3.82E-07	1.64E-07	6.35E-13	11.056	-6.6336	-2.57E-05	1.8319	-1.0991	-4.26E-06	3.3417	-2.005	-7.78E-06	8.41E-08	3.95E-08	1.53E-13	18.606	-11.163	-4.33E-05
-0.1	1.942	-1.942	-7.54E-06	2.48E-07	2.48E-09	8.60E-15	8.2931	-4.9758	-1.93E-05	1.3744	-0.82462	-3.20E-06	2.5068	-1.5041	-5.84E-06	8.52E-08	5.11E-08	1.98E-13	13.986	-8.3917	-3.26E-05
-0.05	1.296	-1.296	-5.03E-06	2.01E-07	1.21E-07	4.69E-13	5.527	-3.3162	-1.29E-05	0.91622	-0.54973	-2.13E-06	1.6708	-1.0025	-3.89E-06	1.12E-07	6.72E-08	2.61E-13	9.3299	-5.5979	-2.17E-05
0	0.6482	-0.6482	-2.51E-06	1.95E-07	8.46E-08	3.28E-13	2.7605	-1.6563	-6.42E-06	0.45775	-0.27465	-1.06E-06	0.83447	-0.50068	-1.94E-06	1.16E-07	6.96E-08	2.70E-13	4.6608	-2.7965	-1.08E-05
0	2.95E-05	2.95E-05	1.14E-10	1.98E-07	4.95E-08	1.91E-13	0.00014846	8.91E-05	3.45E-10	3.82E-05	2.29E-05	8.91E-11	3.27E-05	1.96E-05	7.61E-11	1.34E-07	8.04E-08	3.12E-13	0.00014643	8.79E-05	3.41E-10
0.05	2.40E-05	2.40E-05	9.32E-11	1.99E-07	6.79E-08	2.64E-13	1.78E-05	1.07E-05	4.15E-11	4.88E-05	2.93E-05	1.14E-10	2.27E-05	1.35E-05	5.26E-11	2.46E-08	-1.24E-08	-4.80E-14	3.33E-05	2.00E-05	7.74E-11
0.1	0.651	0.651	2.52E-06	3.78E-07	-4.38E-08	-1.69E-13	2.7738	1.6643	6.45E-06	0.46005	0.27603	1.07E-06	0.83842	0.50305	1.95E-06	1.70E-07	1.02E-07	3.97E-13	4.6918	2.8151	1.09E-05
0.15	1.302	1.302	5.04E-06	2.87E-07	-2.20E-08	-8.52E-14	5.5405	3.3243	1.29E-05	0.919	0.5514	2.14E-06	1.6745	1.0047	3.90E-06	1.86E-07	1.12E-07	4.34E-13	9.3696	5.6217	2.18E-05
0.2	1.952	1.952	7.56E-06	2.11E-07	1.27E-07	4.92E-13	8.306	4.9836	1.93E-05	1.378	0.8268	3.21E-06	2.5104	1.5062	5.84E-06	2.28E-07	1.37E-07	5.30E-13	14.045	8.4268	3.27E-05
0.25	2.598	2.598	1.01E-05	1.32E-07	7.91E-08	3.07E-13	11.068	6.641	2.58E-05	1.8368	1.1021	4.28E-06	3.3452	2.0071	7.78E-06	2.34E-07	1.40E-07	5.44E-13	18.714	11.228	4.35E-05
0.3	3.246	3.246	1.26E-05	6.99E-07	4.19E-07	1.62E-12	13.829	8.2976	3.22E-05	2.2955	1.3773	5.34E-06	4.1793	2.5076	9.72E-06	2.62E-07	1.57E-07	6.10E-13	23.379	14.028	5.44E-05
0.35	3.894	3.894	1.51E-05	4.66E-07	2.79E-07	1.08E-12	16.596	9.9575	3.86E-05	2.7555	1.6533	6.41E-06	5.0154	3.0092	1.17E-05	3.04E-07	1.82E-07	7.07E-13	28.051	16.831	6.53E-05
0.4	4.542	4.542	1.76E-05	3.23E-07	1.94E-07	7.52E-13	19.363	11.618	4.51E-05	3.216	1.9296	7.48E-06	5.8516	3.511	1.36E-05	3.09E-07	1.85E-07	7.20E-13	32.724	19.634	7.61E-05
0.45	5.19	5.19	2.01E-05	2.43E-07	1.46E-07	5.67E-13	22.131	13.278	5.15E-05	3.6764	2.2059	8.56E-06	6.6879	4.0127	1.56E-05	3.22E-07	1.93E-07	7.50E-13	37.397	22.438	8.70E-05
0.5	5.836	5.836	2.26E-05	1.67E-07	9.99E-08	3.88E-13	24.894	14.937	5.79E-05	4.1367	2.482	9.60E-06	7.523	4.5138	1.75E-05	3.34E-07	2.00E-07	7.78E-13	42.065	25.239	9.79E-05
0.5	6.48	6.48	2.51E-05	2.42E-07	1.45E-07	5.63E-13	27.657	16.594	6.44E-05	4.5972	2.7583	1.07E-05	8.3577	5.0146	1.95E-05	3.55E-07	2.13E-07	8.28E-13	46.728	28.037	0.00010874
0.45	6.48	6.48	2.51E-05	6.36E-08	2.60E-08	1.01E-13	27.657	16.594	6.44E-05	4.5975	2.7585	1.07E-05	8.3575	5.0145	1.95E-05	1.72E-07	1.03E-07	4.00E-13	46.731	28.039	0.00010875
0.4	5.834	5.834	2.26E-05	1.15E-07	-1.92E-08	-7.44E-14	24.895	14.937	5.79E-05	4.1369	2.4821	9.60E-06	7.5227	4.5136	1.75E-05	5.48E-08	-3.29E-08	-1.28E-13	42.074	25.244	9.79E-05
0.35	5.188	5.188	2.01E-05	1.15E-07	-5.51E-08	-2.14E-13	22.132	13.279	5.15E-05	3.6762	2.2057	8.56E-06	6.6877	4.0126	1.56E-05	1.11E-07	-6.64E-08	-2.58E-13	37.414	22.448	8.71E-05
0.3	4.54	4.54	1.76E-05	1.36E-07	-8.14E-08	-3.16E-13	19.364	11.619	4.51E-05	3.2159	1.9295	7.48E-06	5.8513	3.5108	1.36E-05	1.61E-07	-9.65E-08	-3.74E-13	32.737	19.642	7.62E-05
0.25	3.892	3.892	1.51E-05	1.38E-07	-7.16E-08	-2.78E-13	16.597	9.9583	3.86E-05	2.7556	1.6534	6.41E-06	5.0152	3.0091	1.17E-05	1.98E-07	-1.19E-07	-4.62E-13	28.06	16.836	6.53E-05
0.2	3.242	3.242	1.26E-05	1.70E-07	-8.77E-08	-3.40E-13	13.831	8.2983	3.22E-05	2.2957	1.3774	5.34E-06	4.1792	2.5075	9.72E-06	2.21E-07	-1.33E-07	-5.14E-13	23.383	14.03	5.44E-05
0.15	2.598	2.598	1.01E-05	1.76E-07	-6.16E-08	-2.39E-13	11.069	6.6417	2.58E-05	1.8368	1.1021	4.28E-06	3.3451	2.007	7.78E-06	2.38E-07	-1.43E-07	-5.53E-13	18.716	11.23	4.35E-05
0.1	1.952	1.952	7.56E-06	1.03E-06	4.40E-07	1.72E-12	8.307	4.9842	1.93E-05	1.3781	0.82684	3.21E-06	2.5103	1.5062	5.84E-06	2.58E-07	-1.55E-07	-6.01E-13	14.046	8.4276	3.27E-05
0.05	1.3	1.3	5.04E-06	1.05E-06	-6.28E-07	-2.43E-12	5.5413	3.3248	1.29E-05	0.91902	0.55141	2.14E-06	1.6745	1.0047	3.90E-06	2.89E-07	-1.73E-07	-6.71E-13	9.3701	5.6221	2.18E-05
0	0.6508	0.6508	2.52E-06	4.75E-06	-2.85E-06	-1.10E-11	2.7743	1.6646	6.46E-06	0.46006	0.27603	1.07E-06	0.83838	0.50303	1.95E-06	3.03E-07	-1.82E-07	-7.05E-13	4.6922	2.8153	1.09E-05
-0.05	1.30E-05	1.30E-05	5.05E-11	2.31E-06	1.19E-06	4.63E-12	0.00025381	0.00015228	5.90E-10	4.50E-05	2.66E-05	1.03E-10	2.19E-05	1.30E-05	5.03E-11	3.40E-07	-2.04E-07	-7.90E-13	0.00028149	0.00016889	6.56E-10
-0.1	0.648	-0.648	-2.51E-06	4.39E-07	8.50E-08	3.31E-13	2.7612	-1.6567	-6.43E-06	0.45768	-0.27461	-1.06E-06	0.83441	-0.50064	-1.94E-06	3.69E-07	-2.22E-07	-8.59E-13	4.6547	-2.7928	-1.09E-05
-0.15	1.296	-1.296	-5.03E-06	2.15E-07	-6.48E-08	-2.51E-13	5.5285	-3.3171	-1.29E-05	0.91612	-0.54967	-2.13E-06	1.6707	-1.0024	-3.89E-06	3.70E-07	-2.22E-07	-8.63E-13	9.3479	-5.6087	-2.17E-05
-0.2	1.942	-1.942	-7.54E-06	5.71E-07	-3.42E-07	-1.33E-12	8.2952	-4.9771	-1.93E-05	1.3742	-0.82452	-3.20E-06	2.5066	-1.5039	-5.84E-06	3.96E-07	-2.37E-07	-9.22E-13	14.026	-8.4155	-3.26E-05
-0.25	2.59	-2.59	-1.01E-05	1.33E-05	7.79E-06	3.02E-11	11.059	-6.6352	-2.57E-05	1.8317	-1.099	-4.26E-06	3.3414	-2.0048	-7.78E-06	4.19E-07	-2.51E-07	-9.75E-13	18.698	-11.219	-4.35E-05
-0.3	3.238	-3.238	-1.26E-05	1.44E-06	4.03E-07	1.55E-12	13.821	-8.2926	-3.22E-05	2.2888	-1.3733	-5.33E-06	4.1761	-2.5057	-9.72E-06	4.24E-07	-2.54E-07	-9.86E-13	23.368	-14.021	-5.44E-05
-0.35	3.884	-3.884	-1.51E-05	2.05E-07	-4.92E-08	-1.91E-13	16.589	-9.9532	-3.86E-05	2.7466	-1.648	-6.39E-06	5.0124	-3.0074	-1.17E-05	4.52E-07	-2.71E-07	-1.05E-12	28.047	-16.828	-6.53E-05
-0.4	4.53	-4.53	-1.76E-05	7.67E-07	2.20E-07	8.51E-13	19.357	-11.614	-4.50E-05	3.2044	-1.9227	-7.46E-06	5.8487	-3.5092	-1.36E-05	4.94E-07	-2.96E-07	-1.15E-12	32.727	-19.636	-7.62E-05
-0.45	5.176	-5.176	-2.01E-05	5.24E-07	1.66E-07	6.41E-13	22.126	-13.276	-5.15E-05	3.6628	-2.1977	-8.52E-06	6.6854	-4.0112	-1.55E-05	5.00E-07	-3.00E-07	-1.16E-12	37.409	-22.445	-8.71E-05
-0.5	5.822	-5.822	-2.26E-05	4.26E-07	9.73E-08	3.78E-13	24.889	-14.933	-5.79E-05	4.1201	-2.4721	-9.60E-06	7.5202	-4.5121	-1.75E-05	5.10E-07	-3.06E-07	-1.19E-12	42.079	-25.247	-9.79E-05
-0.5	6.464	-6.464	-2.51E-05	1.97E-07	-1.18E-07	-4.58E-13	27.652	-16.591	-6.44E-05	4.5772	-2.7463	-1.06E-05	8.3552	-5.0131	-1.94E-05	5.16E-07	-3.09E-07	-1.20E-12	46.739	-28.044	-0.00010877
-0.45	6.466	-6.466	-2.51E-05	2.05E-07	8.38E-08	3.24E-13	27.652	-16.591	-6.44E-05	4.5773	-2.7464	-1.06E-05	8.3553	-5.0132	-1.94E-05	3.49E-07	-2.09E-07	-8.12E-13	46.74	-28.044	-0.00010877
-0.4	5.822	-5.822	-2.26E-05	2.11E-07	1.27E-07	4.91E-13	24.889	-14.933	-5.79E-05	4.1201	-2.472	-9.60E-06	7.5203	-4.5122	-1.75E-05	1.18E-07	-7.05E-08	-2.74E-13	42.076	-25.245	-9.79E-05
-0.35	5.176	-5.176	-2.01E-05	1.69E-07	1.01E-07	3.93E-13	22.126	-13.276	-5.15E-05	3.6631	-2.1979	-8.52E-06	6.6855	-4.0113	-1.55E-05	5.28E-08	-2.93E-08	-1.13E-13	37.411	-22.447	-8.71E-05
-0.3	4.53	-4.53	-1.76E-05	3.23E-07	-6.29E-08	-2.43E-13	19.357	-11.614	-4.50E-05	3.2048	-1.9229	-7.46E-06	5.8489	-3.5093	-1.36E-05	3.55E-08	-1.32E-08	-5.12E-14	32.729	-19.638	-7.62E-05
-0.25	3.886	-3.886	-1.51E-05	2.34E-07	-3.78E-08	-1.47E-13	16.589	-9.9534	-3.86E-05	2.7469	-1.6482	-6.39E-06	5.0125	-3.0075	-1.17E-05	7.37E-08	2.20E-09	8.90E-15	28.049	-16.829	-6.53E-05
-0.2	3.238	-3.238	-1.26E-05	1.63E-07	2.14E-08	8.35E-14	13.821	-8.2928	-3.22E-05	2.2891	-1.3735	-5.33E-06	4.1762	-2.5057	-9.72E-06	8.27E-08	1.62E-08	6.26E-14	23.37	-14.022	-5.44E-05
-0.15	2.59	-2.59	-1.01E-05	2.55E-07	5.39E-08	2.09E-13	11.059	-6.6354	-2.57E-05	1.832	-1.0992	-4.26E-06	3.3415	-2.0049	-7.78E-06	6.94E-08	3.55E-08	1.38E-13	18.7	-11.22	-4.35E-05
-0.1	1.944	-1.944	-7.55E-06	1.93E-07	-1.04E-08	-4.04E-14	8.2954	-4.9773	-1.93E-05	1.3744	-0.82464	-3.20E-06	2.5066	-1.504	-5.83E-06	1.03E-07	6.18E-08	2.40E-13	14.027	-8.416	-3.26E-05
-0.05	1.296	-1.296	-5.03E-06	2.59E-07	4.29E-08	1.67E-13	5.5286	-3.3171	-1.29E-05	0.91617	-0.5497	-2.13E-06	1.6706	-1.0024	-3.89E-06	9.76E-08	5.85E-08	2.27E-13	9.3482	-5.6089	-2.17E-05
0	0.6482	-0.6482	-2.51E-06	2.10E-07	9.08E-09	3.39E-14	2.7612	-1.6567	-6.43E-06	0.4577	-0.27462	-1.06E-06	0.8344	-0.50064	-1.94E-06	1.68E-07	1.01E-07	3.92E-13	4.6679	-2.8007	-1.09E-05
0	2.53E-05	2.53E-05	9.82E-11	2.73E-07	6.36E-08	2.47E-13	0.00020997	0.00012598	4.90E-10	2.79E-05	1.67E-05	6.49E-11	1.64E-05	9.85E-06	3.81E-11	1.68E-07	1.01E-07	3.91E-13	0.00031978	0.00019187	7.46E-10
0.05	1.54E-05	1.54E-05	5.96E-11	1.86E-07	-8.01E-08	-3.10E-13	0.00010227	6.14E-05	2.39E-10	3.36E-05	2.01E-05	7.81E-11	1.77E-05	1.05E-05	4.08E-11	3.33E-08	-2.00E-08	-7.73E-14	0.00021736	0.00013042	5.06E-10
0.1	0.6512	0.6512	2.52E-06	3.13E-07	7.71E-08	2.99E-13	2.7748	1.6649	6.46E-06	0.45998	0.27599	1.07E-06	0.83836	0.50302	1.95E-06	1.72E-07	1.03E-07	4.01E-13	4.6933	2.816	1.09E-05
0.15	1.302	1.302	5.04E-06	2.24E-07	3.66E-08	1.42E-13	5.5425	3.3255	1.29E-05	0.91892	0.55135	2.14E-06	1.6745	1.0047	3.90E-06	1.79E-07	1.07E-07	4.17E-13	9.372	5.6232	2.18E-05
0.2	1.952	1.952	7.56E-06	2.78E-07	6.54E-08	2.53E-13	8.309	4.9854	1.93E-05	1.378	0.82678	3.21E-06	2.5102	1.5061	5.84E-06	2.35E-07	1.41E-07	5.46E-13	14.048	8.429	3.27E-05
0.25	2.6	2.6	1.01E-05	2.49E-07	5.57E-08	2.16E-13	11.072	6.6434	2.58E-05	1.8368	1.1021	4.28E-06	3.345	2.007	7.78E-06	2.26E-07	1.36E-07	5.27E-13	18.719	11.231	4.35E-05
0.3	3.246	3.246	1.26E-05	2.00E-07	3.61E-08	1.40E-13	13.834	8.3005	3.22E-05	2.2956	1.3774	5.34E-06	4.179	2.5074	9.72E-06	2.74E-07	1.64E-07	6.38E-13	23.388	14.033	5.44E-05
0.35	3.894	3.894	1.51E-05	2.30E-07	-6.41E-08	-2.50E-13	16.602	9.961	3.86E-05	2.7556	1.6534	6.41E-06	5.015	3.009	1.17E-05	2.79E-07	1.68E-07	6.50E-13	28.067	16.84	6.53E-05
0.4	4.544	4.544	1.76E-05	3.23E-07	-1.26E-09	-5.40E-15	19.37	11.622	4.51E-05	3.216	1.9296	7.48E-06	5.8511	3.5107	1.36E-05	3.25E-07	1.95E-07	7.57E-13	32.747	19.648	7.62E-05
0.45	5.19	5.19	2.01E-05	3.04E-07	-8.42E-08	-3.27E-13	22.138	13.283	5.15E-05	3.6767	2.206	8.56E-06	6.6874	4.0125	1.55E-05	3.31E-07	1.99E-07	7.71E-13	37.428	22.457	8.71E-05
0.5	5.836	5.836	2.26E-05	1.68E-07	3.04E-09	1.16E-14	24.902	14.941	5.79E-05	4.1369	2.4821	9.60E-06	7.5224	4.5134	1.75E-05	3.25E-07	1.95E-07	7.57E-13	42.102	25.261	9.80E-05
0.5	6.484	6.484	2.51E-05	2.76E-07	8.70E-08	3.38E-13	27.665	16.599	6.44E-05	4.5976	2.7586	1.07E-05	8.3571	5.0143	1.95E-05	3.34E-07	2.00E-07	7.76E-13	46.759	28.055	0.00010881
0.45	6.484	6.484	2.51E-05	1.55E-07	-7.98E-08	-3.08E-13	27.666	16.599	6.44E-05	4.5975	2.7585	1.07E-05	8.3571	5.0142	1.95E-05	1.79E-07	1.07E-07	4.17E-13	46.759	28.055	0.00010881
0.4	5.836	5.836	2.26E-05	2.50E-07	-1.29E-07	-5.02E-13	24.902	14.941	5.79E-05	4.1369	2.4821	9.60E-06	7.5222	4.5133	1.75E-05	6.96E-08	-3.96E-08	-1.54E-13	42.095	25.257	9.80E-05
0.35	5.19	5.19	2.01E-05	3.07E-07	-1.84E-07	-7.15E-13	22.138	13.283	5.15E-05	3.6764	2.2058	8.56E-06	6.6872	4.0123	1.55E-05	1.00E-07	-6.01E-08	-2.33E-13	37.427	22.456	8.71E-05
0.3	4.542	4.542	1.76E-05	2.01E-07	-1.20E-07	-4.66E-13	19.37	11.622	4.51E-05	3.2159	1.9295	7.48E-06	5.851	3.5106	1.36E-05	2.30E-07	-1.38E-07	-5.34E-13	32.746	19.648	7.62E-05
0.25	3.894	3.894	1.51E-05	2.75E-07	-6.38E-08	-2.46E-13	16.601	9.9609	3.86E-05	2.7555	1.6533	6.41E-06	5.0148	3.0089	1.17E-05	1.94E-07	-1.16E-07	-4.51E-13	28.067	16.84	6.53E-05
0.2	3.244	3.244	1.26E-05	3.88E-07	-7.19E-08	-2.78E-13	13.834	8.3003	3.22E-05	2.2955	1.3773	5.34E-06	4.1788	2.5073	9.72E-06	1.65E-07	-9.87E-08	-3.83E-13	23.388	14.033	5.44E-05
0.15	2.598	2.598	1.01E-05	3.73E-07	-2.03E-07	-7.88E-13	11.072	6.6432	2.58E-05	1.8368	1.1021	4.28E-06	3.3448	2.0069	7.78E-06	4.41E-07	-2.65E-07	-1.03E-12	18.718	11.231	4.35E-05
0.1	1.952	1.952	7.56E-06	3.36E-07	-2.02E-07	-7.82E-13	8.3088	4.9853	1.93E-05	1.3781	0.82684	3.21E-06	2.5101	1.5061	5.84E-06	7.25E-07	1.93E-07	7.49E-13	14.047	8.4281	3.27E-05
0.05	1.3	1.3	5.04E-06	2.07E-07	-7.74E-08	-3.01E-13	5.5424	3.3255	1.29E-05	0.91907	0.55144	2.14E-06	1.6744	1.0046	3.90E-06	5.30E-07	5.08E-08	1.99E-13	9.3699	5.622	2.18E-05
0	0.651	0.651	2.52E-06	3.13E-07	-1.88E-07	-7.28E-13	2.7749	1.6649	6.46E-06	0.46005	0.27603	1.07E-06	0.83836	0.50302	1.95E-06	2.77E-07	-1.66E-07	-6.44E-13	4.6915	2.8149	1.09E-05
-0.05	2.27E-05	2.27E-05	8.83E-11	2.71E-07	-1.63E-07	-6.31E-13	0.00039825	0.00023895	9.28E-10	3.77E-05	2.22E-05	8.62E-11	1.26E-05	7.38E-06	2.86E-11	2.96E-07	-1.78E-07	-6.88E-13	0.00016029	9.62E-05	3.73E-10
-0.1	0.648	-0.648	-2.51E-06	2.81E-07	-1.68E-07	-6.52E-13	2.7614	-1.6569	-6.42E-06	0.45775	-0.27465	-1.07E-06	0.83432	-0.50059	-1.94E-06	3.55E-07	-2.13E-07	-8.27E-13	4.6285	-2.7771	-1.08E-05
-0.15	1.296	-1.296	-5.03E-06	2.74E-07	-1.64E-07	-6.37E-13	5.5291	-3.3175	-1.29E-05	0.91627	-0.54976	-2.13E-06	1.6705	-1.0023	-3.89E-06	3.64E-07	-2.18E-07	-8.47E-13	9.3326	-5.5995	-2.17E-05
-0.2	1.942	-1.942	-7.54E-06	2.45E-07	-1.18E-07	-4.56E-13	8.2962	-4.9777	-1.93E-05	1.3745	-0.82468	-3.20E-06	2.5064	-1.5038	-5.83E-06	4.44E-07	-2.66E-07	-1.03E-12	13.997	-8.3984	-3.26E-05
-0.25	2.59	-2.59	-1.00E-05	5.08E-07	-3.05E-07	-1.18E-12	11.06	-6.636	-2.57E-05	1.8319	-1.0992	-4.26E-06	3.3412	-2.0047	-7.78E-06	4.34E-07	-2.61E-07	-1.01E-12	18.653	-11.192	-4.34E-05
-0.3	3.238	-3.238	-1.26E-05	2.60E-07	-1.56E-07	-6.06E-13	13.822	-8.2935	-3.22E-05	2.289	-1.3734	-5.33E-06	4.1759	-2.5055	-9.72E-06	4.42E-07	-2.65E-07	-1.03E-12	23.308	-13.985	-5.42E-05
-0.35	3.884	-3.884	-1.51E-05	3.38E-07	-2.03E-07	-7.87E-13	16.59	-9.9543	-3.86E-05	2.747	-1.6482	-6.39E-06	5.012	-3.0072	-1.17E-05	4.33E-07	-2.60E-07	-1.01E-12	27.974	-16.784	-6.51E-05
-0.4	4.53	-4.53	-1.76E-05	4.08E-07	-2.45E-07	-9.48E-13	19.359	-11.615	-4.51E-05	3.205	-1.923	-7.46E-06	5.8485	-3.5091	-1.36E-05	4.78E-07	-1.85E-07	-7.17E-13	32.645	-19.587	-7.60E-05
-0.45	5.178	-5.178	-2.01E-05	3.42E-07	-1.98E-08	-7.60E-14	22.128	-13.277	-5.15E-05	3.6631	-2.1979	-8.52E-06	6.6851	-4.0111	-1.55E-05	4.41E-07	-2.64E-07	-1.02E-12	37.314	-22.389	-8.68E-05
-0.5	5.822	-5.822	-2.26E-05	3.35E-07	-1.80E-07	-6.97E-13	24.891	-14.935	-5.79E-05	4.1202	-2.4721	-9.60E-06	7.5198	-4.5119	-1.75E-05	5.45E-07	-3.27E-07	-1.27E-12	41.973	-25.184	-9.77E-05
-0.5	6.464	-6.464	-2.51E-05	5.40E-07	-3.24E-07	-1.25E-12	27.655	-16.593	-6.43E-05	4.5774	-2.7464	-1.06E-05	8.3548	-5.0129	-1.94E-05	5.74E-07	-3.44E-07	-1.34E-12	46.626	-27.976	-0.0001085
-0.45	6.464	-6.464	-2.51E-05	2.81E-07	5.10E-08	1.98E-13	27.656	-16.593	-6.43E-05	4.5774	-2.7464	-1.06E-05	8.3548	-5.0129	-1.94E-05	3.34E-07	-2.00E-07	-7.76E-13	46.629	-27.977	-0.00010851
-0.4	5.822	-5.822	-2.26E-05	1.32E-07	-2.91E-08	-1.13E-13	24.891	-14.935	-5.79E-05	4.12	-2.472	-9.60E-06	7.5198	-4.5119	-1.75E-05	1.17E-07	-7.00E-08	-2.72E-13	41.978	-25.187	-9.77E-05
-0.35	5.178	-5.178	-2.01E-05	2.67E-07	1.28E-08	4.94E-14	22.128	-13.277	-5.15E-05	3.663	-2.1978	-8.52E-06	6.685	-4.011	-1.55E-05	6.69E-08	-4.01E-08	-1.55E-13	37.332	-22.399	-8.69E-05
-0.3	4.53	-4.53	-1.76E-05	2.83E-07	1.29E-07	5.01E-13	19.36	-11.616	-4.51E-05	3.2048	-1.9229	-7.46E-06	5.8484	-3.5091	-1.36E-05	4.64E-08	-1.94E-08	-7.53E-14	32.663	-19.598	-7.60E-05
-0.25	3.886	-3.886	-1.51E-05	1.60E-07	5.66E-08	2.20E-13	16.591	-9.9546	-3.86E-05	2.7468	-1.6481	-6.39E-06	5.0122	-3.0073	-1.17E-05	4.71E-08	8.96E-09	3.48E-14	27.994	-16.796	-6.51E-05
-0.2	3.238	-3.238	-1.26E-05	2.10E-07	3.43E-08	1.34E-13	13.823	-8.294	-3.22E-05	2.2888	-1.3733	-5.33E-06	4.176	-2.5056	-9.72E-06	5.83E-08	1.82E-08	7.09E-14	23.324	-13.995	-5.43E-05
-0.15	2.594	-2.594	-1.01E-05	2.57E-07	1.06E-07	4.12E-13	11.061	-6.6364	-2.57E-05	1.8319	-1.0991	-4.26E-06	3.3413	-2.0048	-7.78E-06	3.21E-07	1.85E-07	7.16E-13	18.663	-11.198	-4.34E-05
-0.1	1.944	-1.944	-7.55E-06	2.08E-07	9.36E-08	3.64E-13	8.2968	-4.9781	-1.93E-05	1.3743	-0.8246	-3.20E-06	2.5064	-1.5038	-5.83E-06	6.74E-07	-3.33E-07	-1.29E-12	13.999	-8.3996	-3.26E-05
-0.05	1.296	-1.296	-5.03E-06	2.20E-07	1.01E-07	3.93E-13	5.5296	-3.3177	-1.29E-05	0.91619	-0.54972	-2.13E-06	1.6706	-1.0023	-3.89E-06	4.37E-06	-2.54E-06	-9.85E-12	9.3304	-5.5982	-2.17E-05
0	0.6482	-0.6482	-2.51E-06	9.77E-08	1.06E-08	4.07E-14	2.7619	-1.6571	-6.43E-06	0.45771	-0.27462	-1.06E-06	0.83437	-0.50062	-1.94E-06	3.96E-06	-2.19E-06	-8.48E-12	4.659	-2.7954	-1.09E-05
0	3.01E-05	3.01E-05	1.17E-10	1.96E-07	9.00E-08	3.49E-13	0.0001278	7.67E-05	2.98E-10	5.22E-05	3.13E-05	1.22E-10	2.94E-05	1.77E-05	6.85E-11	1.22E-05	-7.15E-06	-2.77E-11	0.0002157	0.00012942	5.03E-10
0.05	1.88E-05	1.88E-05	7.29E-11	1.78E-07	-2.91E-08	-1.13E-13	0.00010981	6.59E-05	2.56E-10	4.51E-05	2.70E-05	1.05E-10	2.45E-05	1.47E-05	5.71E-11	2.61E-05	-1.56E-05	-6.07E-11	0.00013907	8.34E-05	3.23E-10
0.1	0.651	0.651	2.52E-06	2.01E-07	5.84E-09	2.20E-14	2.7758	1.6655	6.46E-06	0.46001	0.27601	1.07E-06	0.83834	0.503	1.95E-06	3.75E-05	-2.23E-05	-8.67E-11	4.6921	2.8152	1.09E-05
0.15	1.302	1.302	5.04E-06	2.13E-07	9.98E-08	3.87E-13	5.5444	3.3267	1.29E-05	0.91904	0.55142	2.14E-06	1.6744	1.0047	3.90E-06	1.76E-05	1.06E-05	4.09E-11	9.3709	5.6225	2.18E-05
0.2	1.952	1.952	7.56E-06	1.40E-07	3.64E-08	1.41E-13	8.3118	4.9871	1.93E-05	1.3781	0.82684	3.21E-06	2.5101	1.5061	5.84E-06	2.95E-06	1.77E-06	6.87E-12	14.048	8.429	3.27E-05
0.25	2.6	2.6	1.01E-05	2.17E-07	8.84E-08	3.44E-13	11.076	6.6456	2.58E-05	1.8368	1.1021	4.28E-06	3.3448	2.0069	7.78E-06	1.38E-06	8.30E-07	3.22E-12	18.72	11.232	4.36E-05
0.3	3.246	3.246	1.26E-05	1.51E-07	7.46E-08	2.90E-13	13.839	8.3032	3.22E-05	2.2956	1.3774	5.34E-06	4.1788	2.5073	9.72E-06	6.21E-07	3.72E-07	1.44E-12	23.391	14.035	5.44E-05
0.35	3.894	3.894	1.51E-05	2.68E-07	-9.55E-08	-3.70E-13	16.607	9.9642	3.86E-05	2.7556	1.6533	6.41E-06	5.0148	3.0089	1.17E-05	4.66E-07	2.79E-07	1.08E-12	28.072	16.843	6.53E-05
0.4	4.544	4.544	1.76E-05	2.29E-07	1.03E-07	3.98E-13	19.375	11.625	4.51E-05	3.216	1.9296	7.48E-06	5.8509	3.5105	1.36E-05	3.59E-07	2.15E-07	8.34E-13	32.752	19.651	7.62E-05
0.45	5.192	5.192	2.01E-05	2.98E-07	1.22E-07	4.73E-13	22.145	13.287	5.15E-05	3.676	2.2056	8.56E-06	6.6872	4.0123	1.55E-05	4.91E-07	2.95E-07	1.14E-12	37.435	22.461	8.71E-05
0.5	5.838	5.838	2.26E-05	2.09E-07	9.04E-08	3.51E-13	24.91	14.946	5.80E-05	4.1361	2.4817	9.60E-06	7.522	4.5132	1.75E-05	3.76E-07	2.26E-07	8.76E-13	42.109	25.266	9.80E-05
0.5	6.484	6.484	2.51E-05	1.62E-07	9.72E-08	3.77E-13	27.674	16.605	6.44E-05	4.5966	2.758	1.07E-05	8.3567	5.014	1.95E-05	3.70E-07	2.22E-07	8.63E-13	46.768	28.061	0.00010884
0.45	6.484	6.484	2.51E-05	8.97E-08	-3.05E-08	-1.18E-13	27.674	16.604	6.44E-05	4.5968	2.7581	1.07E-05	8.3566	5.014	1.95E-05	1.69E-07	1.02E-07	3.94E-13	46.767	28.06	0.00010883
0.4	5.834	5.834	2.26E-05	2.75E-07	-1.65E-07	-6.40E-13	24.91	14.946	5.80E-05	4.1364	2.4818	9.60E-06	7.522	4.5132	1.75E-05	8.57E-08	-5.14E-08	-1.99E-13	42.103	25.262	9.80E-05
0.35	5.19	5.19	2.01E-05	2.15E-07	-1.29E-07	-5.00E-13	22.145	13.287	5.15E-05	3.6758	2.2055	8.56E-06	6.687	4.0122	1.55E-05	1.27E-07	-7.60E-08	-2.95E-13	37.436	22.461	8.71E-05
0.3	4.544	4.544	1.76E-05	2.22E-07	-1.33E-07	-5.18E-13	19.376	11.625	4.51E-05	3.2154	1.9292	7.48E-06	5.8507	3.5104	1.36E-05	2.14E-07	-1.29E-07	-4.98E-13	32.754	19.653	7.62E-05
0.25	3.894	3.894	1.51E-05	2.46E-07	-1.48E-07	-5.73E-13	16.607	9.9641	3.86E-05	2.755	1.653	6.41E-06	5.0147	3.0088	1.17E-05	2.17E-07	-1.30E-07	-5.07E-13	28.073	16.844	6.53E-05
0.2	3.244	3.244	1.26E-05	1.93E-07	-1.16E-07	-4.49E-13	13.838	8.303	3.22E-05	2.2951	1.377	5.34E-06	4.1787	2.5072	9.72E-06	3.06E-07	-1.83E-07	-7.13E-13	23.393	14.036	5.44E-05
0.15	2.598	2.598	1.01E-05	2.28E-07	-1.25E-07	-4.82E-13	11.076	6.6454	2.58E-05	1.8365	1.1019	4.27E-06	3.3447	2.0068	7.79E-06	3.04E-07	-7.78E-08	-3.02E-13	18.723	11.234	4.36E-05
0.1	1.952	1.952	7.56E-06	3.34E-07	-2.00E-07	-7.77E-13	8.3116	4.987	1.93E-05	1.3778	0.82668	3.21E-06	2.51	1.506	5.84E-06	2.60E-07	-1.56E-07	-6.05E-13	14.05	8.4299	3.27E-05
0.05	1.3	1.3	5.04E-06	2.62E-07	-1.10E-07	-4.28E-13	5.5443	3.3266	1.29E-05	0.91888	0.55133	2.14E-06	1.6743	1.0046	3.90E-06	2.95E-07	-1.77E-07	-6.87E-13	9.3719	5.6231	2.18E-05
0	0.651	0.651	2.52E-06	3.47E-07	-2.08E-07	-8.06E-13	2.7758	1.6655	6.46E-06	0.45995	0.27597	1.07E-06	0.83828	0.50297	1.95E-06	3.09E-07	-1.86E-07	-7.20E-13	4.6926	2.8156	1.09E-05
-0.05	1.44E-05	1.44E-05	5.60E-11	2.00E-07	-9.48E-08	-3.68E-13	0.00046921	0.00028153	1.09E-09	5.38E-05	3.20E-05	1.24E-10	2.22E-05	1.32E-05	5.12E-11	3.62E-07	-2.17E-07	-8.41E-13	0.00015201	9.12E-05	3.53E-10
-0.1	0.648	-0.648	-2.51E-06	2.39E-07	-9.81E-08	-3.81E-13	2.7624	-1.6575	-6.43E-06	0.45761	-0.27457	-1.06E-06	0.83435	-0.50061	-1.94E-06	3.85E-07	-2.31E-07	-8.96E-13	4.6663	-2.7998	-1.09E-05
-0.15	1.296	-1.296	-5.03E-06	3.65E-07	-2.19E-07	-8.49E-13	5.5309	-3.3186	-1.29E-05	0.91598	-0.54959	-2.13E-06	1.6705	-1.0023	-3.89E-06	4.51E-07	-2.70E-07	-1.05E-12	9.3439	-5.6064	-2.18E-05
-0.2	1.942	-1.942	-7.54E-06	2.60E-07	-8.26E-08	-3.21E-13	8.2987	-4.9792	-1.93E-05	1.3741	-0.82446	-3.20E-06	2.5062	-1.5037	-5.83E-06	5.37E-07	-3.22E-07	-1.25E-12	14.018	-8.4107	-3.26E-05
-0.25	2.592	-2.592	-1.00E-05	2.65E-07	-1.59E-07	-6.19E-13	11.063	-6.6379	-2.57E-05	1.8314	-1.0988	-4.26E-06	3.341	-2.0046	-7.77E-06	3.35E-07	-2.01E-07	-7.80E-13	18.685	-11.211	-4.35E-05
-0.3	3.238	-3.238	-1.26E-05	2.44E-07	-8.34E-08	-3.23E-13	13.826	-8.2959	-3.22E-05	2.2884	-1.373	-5.32E-06	4.1756	-2.5053	-9.72E-06	4.60E-07	-2.76E-07	-1.07E-12	23.346	-14.007	-5.43E-05
-0.35	3.884	-3.884	-1.51E-05	2.73E-07	-1.64E-07	-6.36E-13	16.595	-9.957	-3.86E-05	2.7464	-1.6479	-6.39E-06	5.0118	-3.0071	-1.17E-05	4.55E-07	-2.73E-07	-1.06E-12	28.013	-16.808	-6.52E-05
-0.4	4.528	-4.528	-1.76E-05	3.00E-07	-1.80E-07	-6.98E-13	19.364	-11.618	-4.51E-05	3.2044	-1.9226	-7.46E-06	5.8481	-3.5088	-1.36E-05	4.75E-07	-2.85E-07	-1.10E-12	32.675	-19.605	-7.60E-05
-0.45	5.176	-5.176	-2.01E-05	2.75E-07	-9.28E-08	-3.59E-13	22.134	-13.281	-5.15E-05	3.6627	-2.1976	-8.52E-06	6.6846	-4.0108	-1.55E-05	4.98E-07	-2.99E-07	-1.16E-12	37.331	-22.399	-8.69E-05
-0.5	5.82	-5.82	-2.26E-05	2.46E-07	-1.48E-07	-5.73E-13	24.898	-14.939	-5.79E-05	4.1197	-2.4718	-9.60E-06	7.5194	-4.5117	-1.75E-05	5.09E-07	-3.05E-07	-1.18E-12	41.968	-25.181	-9.77E-05
-0.5	6.462	-6.462	-2.51E-05	4.27E-07	-2.56E-07	-9.93E-13	27.662	-16.597	-6.44E-05	4.5767	-2.746	-1.06E-05	8.3543	-5.0126	-1.94E-05	6.05E-07	-3.63E-07	-1.41E-12	46.489	-27.893	-0.00010818
-0.45	6.462	-6.462	-2.51E-05	2.34E-07	4.78E-08	1.85E-13	27.663	-16.598	-6.44E-05	4.5768	-2.7461	-1.06E-05	8.3543	-5.0126	-1.94E-05	4.34E-07	-2.61E-07	-1.01E-12	46.416	-27.85	-0.00010802
-0.4	5.82	-5.82	-2.26E-05	1.90E-07	2.78E-08	1.08E-13	24.898	-14.939	-5.79E-05	4.1198	-2.4719	-9.60E-06	7.5195	-4.5117	-1.75E-05	1.58E-07	-9.46E-08	-3.67E-13	41.621	-24.972	-9.69E-05
-0.35	5.176	-5.176	-2.01E-05	2.48E-07	-2.89E-08	-1.13E-13	22.134	-13.28	-5.15E-05	3.6627	-2.1976	-8.52E-06	6.6847	-4.0108	-1.55E-05	1.41E-07	-7.99E-08	-3.10E-13	36.903	-22.142	-8.59E-05
-0.3	4.528	-4.528	-1.76E-05	1.27E-07	6.56E-08	2.55E-13	19.365	-11.619	-4.51E-05	3.2044	-1.9226	-7.46E-06	5.8482	-3.5089	-1.36E-05	9.81E-07	-5.62E-07	-2.17E-12	32.17	-19.302	-7.49E-05
-0.25	3.886	-3.886	-1.51E-05	1.31E-07	7.85E-08	3.04E-13	16.595	-9.9573	-3.86E-05	2.7465	-1.6479	-6.39E-06	5.0119	-3.0071	-1.17E-05	1.17E-07	4.73E-08	1.83E-13	27.465	-16.479	-6.39E-05
-0.2	3.24	-3.24	-1.26E-05	1.41E-07	6.44E-08	2.50E-13	13.827	-8.2963	-3.22E-05	2.2887	-1.3732	-5.33E-06	4.1756	-2.5054	-9.72E-06	7.61E-07	-4.06E-07	-1.58E-12	22.705	-13.623	-5.28E-05
-0.15	2.594	-2.594	-1.01E-05	1.22E-07	6.56E-08	2.55E-13	11.064	-6.6384	-2.57E-05	1.8316	-1.099	-4.26E-06	3.3411	-2.0046	-7.77E-06	1.17E-07	2.17E-08	8.45E-14	17.77	-10.662	-4.13E-05
-0.1	1.946	-1.946	-7.54E-06	1.47E-07	7.36E-08	2.85E-13	8.2993	-4.9796	-1.93E-05	1.3742	-0.8245	-3.20E-06	2.5063	-1.5038	-5.83E-06	2.17E-06	1.30E-06	5.05E-12	11.973	-7.1837	-2.79E-05
-0.05	1.298	-1.298	-5.03E-06	1.42E-07	7.11E-08	2.76E-13	5.5313	-3.3188	-1.29E-05	0.91605	-0.54963	-2.13E-06	1.6705	-1.0023	-3.89E-06	1.29E-07	4.22E-08	1.64E-13	7.4108	-4.4465	-1.73E-05
0	0.6478	-0.6478	-2.51E-06	1.10E-07	6.26E-08	2.43E-13	2.7627	-1.6576	-6.43E-06	0.45764	-0.27459	-1.06E-06	0.83436	-0.50062	-1.94E-06	1.03E-06	-4.68E-07	-1.83E-12	3.7001	-2.2201	-8.62E-06
0	3.16E-05	3.16E-05	1.23E-10	1.31E-07	7.87E-08	3.06E-13	0.00035024	0.00021015	8.16E-10	4.11E-05	2.47E-05	9.57E-11	1.80E-05	1.08E-05	4.18E-11	6.31E-07	3.79E-07	1.47E-12	0.00024095	0.00014457	5.60E-10
0.05	1.53E-05	1.53E-05	5.94E-11	4.42E-08	-1.51E-09	-5.96E-15	0.0001142	6.85E-05	2.66E-10	3.94E-05	2.37E-05	9.18E-11	1.53E-05	9.14E-06	3.55E-11	2.49E-06	-1.48E-06	-5.75E-12	0.00020493	0.00012296	4.76E-10
0.1	0.6508	0.6508	2.52E-06	4.69E-07	-1.27E-07	-4.94E-13	2.7763	1.6658	6.46E-06	0.45997	0.27598	1.07E-06	0.83819	0.50291	1.95E-06	9.65E-07	5.79E-07	2.24E-12	3.7173	2.2304	8.67E-06
0.15	1.3	1.3	5.04E-06	9.35E-07	-1.67E-07	-6.46E-13	5.5452	3.3271	1.29E-05	0.91894	0.55137	2.14E-06	1.6742	1.0045	3.90E-06	1.47E-07	8.79E-08	3.42E-13	7.4334	4.46	1.73E-05
0.2	1.95	1.95	7.56E-06	1.39E-07	5.08E-08	1.97E-13	8.3131	4.9879	1.93E-05	1.3779	0.82676	3.21E-06	2.5098	1.5059	5.84E-06	8.96E-07	5.37E-07	2.08E-12	11.149	6.6891	2.59E-05
0.25	2.598	2.598	1.01E-05	2.23E-07	1.34E-07	5.20E-13	11.078	6.6466	2.58E-05	1.8367	1.102	4.27E-06	3.3445	2.0067	7.78E-06	3.03E-07	1.82E-07	7.05E-13	14.855	8.9133	3.46E-05
0.3	3.244	3.244	1.26E-05	7.40E-07	4.63E-08	1.78E-13	13.841	8.3046	3.22E-05	2.2955	1.3773	5.34E-06	4.1785	2.5071	9.72E-06	2.36E-07	1.42E-07	5.50E-13	18.567	11.14	4.32E-05
0.35	3.892	3.892	1.51E-05	2.26E-07	1.36E-07	5.27E-13	16.61	9.9657	3.87E-05	2.7556	1.6534	6.41E-06	5.0143	3.0086	1.17E-05	3.10E-07	1.86E-07	7.22E-13	22.282	13.369	5.18E-05
0.4	4.542	4.542	1.76E-05	3.29E-07	1.97E-07	7.66E-13	19.379	11.627	4.51E-05	3.2155	1.9293	7.48E-06	5.8504	3.5102	1.36E-05	3.28E-07	1.97E-07	7.65E-13	26.008	15.605	6.05E-05
0.45	5.19	5.19	2.01E-05	4.20E-07	-1.27E-07	-4.91E-13	22.149	13.289	5.15E-05	3.6762	2.2057	8.56E-06	6.6866	4.012	1.55E-05	3.47E-07	2.08E-07	8.06E-13	29.756	17.854	6.92E-05
0.5	5.836	5.836	2.26E-05	3.68E-07	4.13E-08	1.61E-13	24.915	14.949	5.80E-05	4.1365	2.4819	9.60E-06	7.5215	4.5129	1.75E-05	3.46E-07	2.08E-07	8.06E-13	33.483	20.09	7.79E-05
0.5	6.484	6.484	2.51E-05	1.37E-07	6.33E-08	2.46E-13	27.679	16.608	6.44E-05	4.5971	2.7582	1.07E-05	8.356	5.0136	1.94E-05	3.76E-07	2.26E-07	8.76E-13	37.226	22.336	8.66E-05
0.45	6.484	6.484	2.51E-05	9.06E-08	1.45E-08	5.65E-14	27.678	16.607	6.44E-05	4.5971	2.7583	1.07E-05	8.356	5.0136	1.94E-05	1.89E-07	1.14E-07	4.40E-13	37.241	22.344	8.67E-05
0.4	5.834	5.834	2.26E-05	3.24E-07	-1.95E-07	-7.54E-13	24.914	14.948	5.80E-05	4.1364	2.4818	9.60E-06	7.5213	4.5128	1.75E-05	6.31E-08	-2.18E-08	-8.45E-14	33.486	20.092	7.79E-05
0.35	5.188	5.188	2.01E-05	3.16E-07	-1.82E-07	-7.06E-13	22.148	13.289	5.15E-05	3.6762	2.2057	8.56E-06	6.6863	4.0118	1.55E-05	1.45E-07	-9.76E-09	-3.82E-14	29.747	17.848	6.92E-05
0.3	4.542	4.542	1.76E-05	4.73E-07	-2.84E-07	-1.10E-12	19.378	11.627	4.51E-05	3.2161	1.9296	7.48E-06	5.8502	3.5101	1.36E-05	9.20E-07	-5.52E-07	-2.14E-12	26.012	15.607	6.05E-05
0.25	3.892	3.892	1.51E-05	2.89E-07	-1.73E-07	-6.71E-13	16.609	9.9654	3.86E-05	2.7556	1.6534	6.41E-06	5.0142	3.0085	1.17E-05	3.46E-07	-2.08E-07	-8.05E-13	22.283	13.37	5.19E-05
0.2	3.244	3.244	1.26E-05	3.08E-07	-1.85E-07	-7.17E-13	13.84	8.3042	3.22E-05	2.2957	1.3774	5.34E-06	4.1783	2.507	9.72E-06	6.37E-07	1.86E-07	7.18E-13	18.563	11.138	4.32E-05
0.15	2.596	2.596	1.01E-05	2.40E-07	-1.44E-07	-5.60E-13	11.077	6.6464	2.58E-05	1.8368	1.1021	4.27E-06	3.3444	2.0066	7.78E-06	5.52E-07	1.13E-07	4.37E-13	14.854	8.9126	3.46E-05
0.1	1.95	1.95	7.56E-06	2.72E-07	-7.38E-08	-2.86E-13	8.3127	4.9876	1.93E-05	1.378	0.82682	3.21E-06	2.5097	1.5058	5.84E-06	3.70E-07	-3.46E-08	-1.34E-13	11.146	6.6875	2.59E-05
0.05	1.3	1.3	5.04E-06	2.78E-07	-7.07E-08	-2.72E-13	5.545	3.327	1.29E-05	0.91897	0.55138	2.14E-06	1.6741	1.0044	3.90E-06	2.92E-07	-1.12E-07	-4.35E-13	7.435	4.461	1.73E-05
0	0.6508	0.6508	2.52E-06	2.76E-07	-1.66E-07	-6.44E-13	2.7762	1.6657	6.46E-06	0.45996	0.27598	1.07E-06	0.83818	0.50291	1.95E-06	2.81E-07	-1.54E-07	-5.98E-13	3.7226	2.2336	8.67E-06
-0.05	1.66E-05	1.66E-05	6.42E-11	2.13E-07	-1.14E-07	-4.43E-13	0.00045738	0.00027443	1.06E-09	3.23E-05	1.91E-05	7.39E-11	4.22E-05	2.51E-05	9.75E-11	2.82E-07	-1.69E-07	-6.58E-13	0.00013353	8.01E-05	3.10E-10
-0.1	0.648	-0.648	-2.51E-06	2.18E-07	-1.31E-07	-5.06E-13	2.7627	-1.6576	-6.43E-06	0.45771	-0.27463	-1.07E-06	0.83425	-0.50055	-1.94E-06	4.98E-07	-2.99E-07	-1.16E-12	3.7031	-2.2219	-8.63E-06
-0.15	1.296	-1.296	-5.03E-06	2.30E-07	-1.38E-07	-5.34E-13	5.5317	-3.319	-1.29E-05	0.91617	-0.5497	-2.13E-06	1.6703	-1.0022	-3.89E-06	3.65E-07	-2.19E-07	-8.51E-13	7.4161	-4.4496	-1.73E-05
-0.2	1.942	-1.942	-7.54E-06	2.59E-07	-1.55E-07	-6.02E-13	8.3002	-4.9801	-1.93E-05	1.3743	-0.82456	-3.20E-06	2.506	-1.5036	-5.83E-06	3.97E-07	-2.38E-07	-9.26E-13	11.129	-6.6774	-2.59E-05
-0.25	2.59	-2.59	-1.00E-05	2.70E-07	-1.62E-07	-6.28E-13	11.066	-6.6393	-2.57E-05	1.8317	-1.099	-4.26E-06	3.3407	-2.0044	-7.77E-06	3.84E-07	-2.31E-07	-8.95E-13	14.839	-8.9033	-3.45E-05
-0.3	3.238	-3.238	-1.26E-05	2.23E-07	-1.34E-07	-5.20E-13	13.83	-8.2978	-3.22E-05	2.2889	-1.3733	-5.33E-06	4.1751	-2.5051	-9.72E-06	4.97E-07	-2.98E-07	-1.16E-12	18.552	-11.131	-4.32E-05
-0.35	3.884	-3.884	-1.51E-05	2.54E-07	-1.52E-07	-5.91E-13	16.599	-9.9595	-3.86E-05	2.7468	-1.6481	-6.39E-06	5.0112	-3.0067	-1.17E-05	5.38E-07	-3.23E-07	-1.25E-12	22.27	-13.362	-5.18E-05
-0.4	4.53	-4.53	-1.76E-05	1.85E-07	-1.11E-07	-4.30E-13	19.369	-11.621	-4.51E-05	3.2048	-1.9229	-7.46E-06	5.8475	-3.5085	-1.36E-05	4.10E-07	-2.46E-07	-9.55E-13	25.99	-15.594	-6.05E-05
-0.45	5.176	-5.176	-2.01E-05	2.33E-07	-1.40E-07	-5.42E-13	22.14	-13.284	-5.15E-05	3.663	-2.1978	-8.52E-06	6.6839	-4.0104	-1.55E-05	5.13E-07	-3.08E-07	-1.20E-12	29.726	-17.835	-6.92E-05
-0.5	5.82	-5.82	-2.26E-05	2.00E-07	-1.20E-07	-4.66E-13	24.905	-14.943	-5.80E-05	4.1202	-2.4721	-9.60E-06	7.5185	-4.5111	-1.75E-05	4.96E-07	-2.98E-07	-1.15E-12	33.461	-20.077	-7.79E-05
-0.5	6.464	-6.464	-2.51E-05	3.11E-07	-1.87E-07	-7.24E-13	27.67	-16.602	-6.44E-05	4.5774	-2.7464	-1.06E-05	8.3534	-5.012	-1.94E-05	5.21E-07	-3.12E-07	-1.21E-12	37.208	-22.325	-8.66E-05
-0.45	6.464	-6.464	-2.51E-05	1.18E-07	-2.44E-08	-9.48E-14	27.67	-16.602	-6.44E-05	4.5772	-2.7463	-1.06E-05	8.3535	-5.0121	-1.94E-05	5.73E-07	-3.44E-07	-1.33E-12	37.232	-22.339	-8.66E-05
-0.4	5.82	-5.82	-2.26E-05	1.01E-07	5.82E-08	2.26E-13	24.904	-14.943	-5.80E-05	4.1203	-2.4722	-9.60E-06	7.5186	-4.5112	-1.75E-05	9.44E-07	-5.66E-07	-2.20E-12	33.475	-20.085	-7.79E-05
-0.35	5.178	-5.178	-2.01E-05	1.17E-07	5.36E-08	2.08E-13	22.141	-13.285	-5.15E-05	3.6633	-2.198	-8.52E-06	6.684	-4.0104	-1.55E-05	4.55E-06	-2.73E-06	-1.06E-11	29.753	-17.852	-6.93E-05
-0.3	4.53	-4.53	-1.76E-05	1.82E-07	1.09E-07	4.23E-13	19.369	-11.622	-4.51E-05	3.2051	-1.9231	-7.46E-06	5.8475	-3.5085	-1.36E-05	4.96E-07	-2.86E-07	-1.11E-12	26.063	-15.638	-6.06E-05
-0.25	3.886	-3.886	-1.51E-05	1.09E-07	6.26E-08	2.42E-13	16.6	-9.96	-3.87E-05	2.7472	-1.6483	-6.39E-06	5.0113	-3.0068	-1.17E-05	2.77E-05	1.66E-05	6.44E-11	22.354	-13.413	-5.20E-05
-0.2	3.238	-3.238	-1.26E-05	2.90E-07	1.74E-07	6.75E-13	13.831	-8.2984	-3.22E-05	2.2892	-1.3735	-5.33E-06	4.1753	-2.5052	-9.72E-06	2.81E-05	1.68E-05	6.53E-11	18.629	-11.177	-4.34E-05
-0.15	2.594	-2.594	-1.01E-05	1.96E-07	7.78E-08	3.01E-13	11.066	-6.6398	-2.57E-05	1.832	-1.0992	-4.26E-06	3.3408	-2.0045	-7.77E-06	1.28E-06	-6.92E-07	-2.69E-12	14.879	-8.9273	-3.46E-05
-0.1	1.946	-1.946	-7.55E-06	1.85E-07	8.32E-08	3.22E-13	8.3009	-4.9805	-1.93E-05	1.3745	-0.82468	-3.20E-06	2.5061	-1.5037	-5.83E-06	1.91E-05	1.14E-05	4.44E-11	11.169	-6.7012	-2.60E-05
-0.05	1.298	-1.298	-5.03E-06	1.46E-07	7.18E-08	2.78E-13	5.5324	-3.3194	-1.29E-05	0.91626	-0.54975	-2.13E-06	1.6704	-1.0022	-3.89E-06	2.59E-05	1.56E-05	6.05E-11	7.4424	-4.4654	-1.73E-05
0	0.648	-0.648	-2.51E-06	1.20E-07	5.46E-08	2.11E-13	2.7632	-1.6579	-6.43E-06	0.45774	-0.27464	-1.06E-06	0.83433	-0.5006	-1.94E-06	9.78E-06	5.87E-06	2.29E-11	3.7111	-2.2266	-8.64E-06
0	2.39E-05	2.39E-05	9.28E-11	2.03E-07	6.84E-08	2.66E-13	0.00035272	0.00021163	8.21E-10	3.89E-05	2.33E-05	9.05E-11	3.24E-05	1.94E-05	7.53E-11	4.78E-07	2.87E-07	1.12E-12	0.00014123	8.47E-05	3.28E-10
0.05	1.50E-05	1.50E-05	5.82E-11	1.62E-07	-8.43E-08	-3.27E-13	2.67E-05	1.60E-05	6.20E-11	2.60E-05	1.56E-05	6.07E-11	2.16E-05	1.29E-05	5.00E-11	5.96E-07	3.47E-07	1.35E-12	3.13E-05	1.88E-05	7.28E-11
0.1	0.651	0.651	2.53E-06	1.82E-07	1.09E-07	4.24E-13	2.7763	1.6658	6.46E-06	0.46004	0.27603	1.07E-06	0.83811	0.50287	1.95E-06	1.83E-06	1.10E-06	4.25E-12	3.7348	2.2409	8.69E-06
0.15	1.3	1.3	5.05E-06	1.29E-07	6.53E-08	2.54E-13	5.5454	3.3273	1.29E-05	0.91902	0.55141	2.14E-06	1.6741	1.0045	3.90E-06	1.72E-06	1.03E-06	4.00E-12	7.4627	4.4776	1.74E-05
0.2	1.952	1.952	7.56E-06	1.39E-07	3.67E-08	1.43E-13	8.3132	4.9879	1.93E-05	1.3781	0.82684	3.21E-06	2.5097	1.5058	5.84E-06	3.42E-07	2.05E-07	7.95E-13	11.19	6.7143	2.61E-05
0.25	2.6	2.6	1.01E-05	1.96E-07	1.15E-07	4.44E-13	11.078	6.6466	2.58E-05	1.8369	1.1021	4.28E-06	3.3443	2.0066	7.78E-06	4.68E-07	-4.46E-08	-1.73E-13	14.913	8.9475	3.47E-05
0.3	3.246	3.246	1.26E-05	2.87E-07	1.72E-07	6.67E-13	13.841	8.3044	3.22E-05	2.2957	1.3774	5.34E-06	4.1783	2.507	9.72E-06	1.30E-06	-5.33E-07	-2.08E-12	18.621	11.173	4.33E-05
0.35	3.892	3.892	1.51E-05	1.22E-07	7.31E-08	2.84E-13	16.609	9.9654	3.87E-05	2.7556	1.6534	6.41E-06	5.0141	3.0085	1.17E-05	3.32E-07	1.99E-07	7.73E-13	22.39	13.434	5.21E-05
0.4	4.542	4.542	1.76E-05	3.15E-07	-7.84E-08	-3.03E-13	19.378	11.627	4.51E-05	3.216	1.9296	7.48E-06	5.85	3.51	1.36E-05	6.71E-06	4.03E-06	1.56E-11	26.12	15.672	6.08E-05
0.45	5.19	5.19	2.01E-05	3.06E-07	6.24E-08	2.42E-13	22.147	13.288	5.15E-05	3.6766	2.206	8.56E-06	6.6862	4.0117	1.55E-05	3.02E-06	-1.50E-06	-5.82E-12	29.872	17.923	6.95E-05
0.5	5.838	5.838	2.26E-05	3.55E-07	2.10E-07	8.12E-13	24.912	14.947	5.80E-05	4.1366	2.4819	9.60E-06	7.5209	4.5125	1.75E-05	3.81E-06	2.29E-06	8.85E-12	33.585	20.151	7.81E-05
0.5	6.484	6.484	2.51E-05	1.13E-06	-4.33E-07	-1.69E-12	27.676	16.606	6.44E-05	4.5973	2.7584	1.07E-05	8.3554	5.0132	1.94E-05	5.18E-07	4.30E-08	1.67E-13	37.374	22.425	8.70E-05
0.45	6.484	6.484	2.51E-05	4.57E-07	2.15E-07	8.31E-13	27.675	16.605	6.44E-05	4.5974	2.7584	1.07E-05	8.3554	5.0132	1.94E-05	1.91E-06	1.14E-06	4.43E-12	37.392	22.435	8.70E-05
0.4	5.834	5.834	2.26E-05	6.51E-07	-3.91E-07	-1.51E-12	24.911	14.947	5.80E-05	4.1367	2.482	9.60E-06	7.5208	4.5125	1.75E-05	4.62E-08	-1.40E-08	-5.44E-14	33.622	20.173	7.82E-05
0.35	5.19	5.19	2.01E-05	6.84E-07	-1.63E-08	-6.28E-14	22.146	13.287	5.15E-05	3.6764	2.2058	8.56E-06	6.6859	4.0116	1.55E-05	7.85E-06	4.61E-06	1.79E-11	29.882	17.929	6.95E-05
0.3	4.542	4.542	1.76E-05	8.32E-07	2.44E-07	9.52E-13	19.376	11.625	4.51E-05	3.2158	1.9295	7.48E-06	5.8499	3.5099	1.36E-05	1.62E-06	8.29E-07	3.21E-12	26.123	15.674	6.08E-05
0.25	3.892	3.892	1.51E-05	7.23E-07	-4.34E-07	-1.68E-12	16.607	9.9639	3.87E-05	2.7555	1.6533	6.41E-06	5.0139	3.0084	1.17E-05	1.11E-06	-6.69E-07	-2.59E-12	22.398	13.439	5.21E-05
0.2	3.244	3.244	1.26E-05	3.51E-07	2.11E-08	8.10E-14	13.838	8.3029	3.22E-05	2.2956	1.3773	5.34E-06	4.1781	2.5068	9.72E-06	9.65E-07	3.85E-07	1.50E-12	18.661	11.197	4.34E-05
0.15	2.596	2.596	1.01E-05	4.48E-07	2.72E-08	1.05E-13	11.075	6.6452	2.58E-05	1.8368	1.1021	4.28E-06	3.3442	2.0065	7.78E-06	1.15E-06	4.77E-07	1.84E-12	14.93	8.9577	3.47E-05
0.1	1.95	1.95	7.56E-06	5.55E-07	-9.40E-08	-3.66E-13	8.3113	4.9868	1.93E-05	1.378	0.8268	3.21E-06	2.5096	1.5058	5.84E-06	2.27E-07	-1.04E-07	-4.03E-13	11.198	6.7188	2.60E-05
0.05	1.3	1.3	5.04E-06	4.35E-07	-1.46E-07	-5.65E-13	5.5441	3.3265	1.29E-05	0.91893	0.55136	2.14E-06	1.674	1.0044	3.90E-06	3.55E-07	-2.13E-07	-8.25E-13	7.4641	4.4785	1.74E-05
0	0.651	0.651	2.52E-06	3.54E-07	-1.70E-07	-6.60E-13	2.7757	1.6654	6.46E-06	0.45998	0.27599	1.07E-06	0.83813	0.50288	1.95E-06	4.81E-07	-2.88E-07	-1.12E-12	3.7352	2.2411	8.70E-06
-0.05	2.05E-05	2.05E-05	7.93E-11	5.35E-07	-3.21E-07	-1.24E-12	0.0004751	0.00028506	1.11E-09	4.53E-05	2.68E-05	1.04E-10	3.54E-05	2.11E-05	8.17E-11	3.28E-07	-1.97E-07	-7.63E-13	0.00028274	0.00016964	6.59E-10
-0.1	0.648	-0.648	-2.51E-06	2.96E-07	-1.73E-07	-6.69E-13	2.7622	-1.6573	-6.43E-06	0.45768	-0.27461	-1.06E-06	0.83423	-0.50054	-1.94E-06	2.81E-07	-1.68E-07	-6.52E-13	3.6947	-2.2168	-8.62E-06
-0.15	1.298	-1.298	-5.03E-06	7.35E-07	6.70E-08	2.57E-13	5.5305	-3.3183	-1.29E-05	0.91618	-0.54971	-2.13E-06	1.6702	-1.0021	-3.89E-06	4.20E-07	-1.66E-07	-6.47E-13	7.4268	-4.4561	-1.73E-05
-0.2	1.942	-1.942	-7.54E-06	4.24E-07	3.06E-08	1.18E-13	8.2981	-4.9789	-1.93E-05	1.3743	-0.82458	-3.20E-06	2.5059	-1.5036	-5.83E-06	4.32E-07	-1.28E-07	-4.99E-13	11.15	-6.6899	-2.60E-05
-0.25	2.592	-2.592	-1.01E-05	1.94E-07	1.44E-08	5.58E-14	11.062	-6.6375	-2.57E-05	1.8318	-1.0991	-4.26E-06	3.3406	-2.0044	-7.77E-06	3.51E-07	-1.69E-07	-6.55E-13	14.854	-8.9123	-3.46E-05
-0.3	3.238	-3.238	-1.26E-05	3.00E-07	-1.17E-07	-4.56E-13	13.826	-8.2953	-3.22E-05	2.289	-1.3734	-5.33E-06	4.175	-2.505	-9.72E-06	3.96E-07	-1.94E-07	-7.54E-13	18.565	-11.139	-4.32E-05
-0.35	3.884	-3.884	-1.51E-05	3.43E-07	-2.06E-07	-7.99E-13	16.594	-9.9563	-3.86E-05	2.7469	-1.6482	-6.39E-06	5.011	-3.0066	-1.17E-05	3.63E-07	-2.18E-07	-8.44E-13	22.279	-13.368	-5.18E-05
-0.4	4.528	-4.528	-1.76E-05	3.27E-07	-1.96E-07	-7.60E-13	19.363	-11.618	-4.51E-05	3.2049	-1.9229	-7.46E-06	5.8472	-3.5083	-1.36E-05	5.87E-07	-9.24E-08	-3.58E-13	26.006	-15.604	-6.05E-05
-0.45	5.176	-5.176	-2.01E-05	2.67E-07	-1.60E-07	-6.20E-13	22.133	-13.28	-5.15E-05	3.6628	-2.1977	-8.52E-06	6.6837	-4.0102	-1.55E-05	1.29E-06	-7.75E-07	-3.01E-12	29.745	-17.847	-6.92E-05
-0.5	5.82	-5.82	-2.26E-05	4.49E-07	-2.70E-07	-1.05E-12	24.896	-14.938	-5.79E-05	4.1202	-2.4721	-9.60E-06	7.5183	-4.511	-1.75E-05	4.74E-07	-2.84E-07	-1.10E-12	33.487	-20.092	-7.79E-05
-0.5	6.464	-6.464	-2.51E-05	2.01E-07	-1.20E-07	-4.67E-13	27.66	-16.596	-6.44E-05	4.5771	-2.7462	-1.06E-05	8.3532	-5.0119	-1.94E-05	4.69E-07	-2.82E-07	-1.09E-12	41.633	-24.98	-9.69E-05
-0.45	6.466	-6.466	-2.51E-05	1.62E-07	1.44E-08	5.57E-14	27.66	-16.596	-6.44E-05	4.577	-2.7462	-1.06E-05	8.3532	-5.0119	-1.94E-05	3.01E-07	-1.38E-07	-5.33E-13	41.448	-24.869	-9.65E-05
-0.4	5.82	-5.82	-2.26E-05	3.79E-07	2.18E-07	8.47E-13	24.895	-14.937	-5.79E-05	4.1197	-2.4718	-9.60E-06	7.5184	-4.511	-1.75E-05	1.23E-07	-1.55E-08	-5.98E-14	36.614	-21.968	-8.52E-05
-0.35	5.176	-5.176	-2.01E-05	2.55E-07	6.59E-08	2.55E-13	22.131	-13.279	-5.15E-05	3.6628	-2.1977	-8.50E-06	6.6838	-4.0103	-1.55E-05	1.01E-07	2.31E-08	8.94E-14	32.705	-19.623	-7.61E-05
-0.3	4.53	-4.53	-1.76E-05	1.58E-07	5.34E-08	2.07E-13	19.361	-11.617	-4.51E-05	3.2046	-1.9227	-7.46E-06	5.8474	-3.5084	-1.36E-05	2.85E-07	-1.03E-07	-4.00E-13	28.303	-16.982	-6.58E-05
-0.25	3.888	-3.888	-1.51E-05	3.69E-07	2.13E-07	8.25E-13	16.592	-9.9554	-3.86E-05	2.7467	-1.648	-6.39E-06	5.0112	-3.0067	-1.17E-05	2.10E-07	-1.71E-08	-6.58E-14	23.704	-14.223	-5.52E-05
-0.2	3.24	-3.24	-1.26E-05	1.82E-07	2.62E-08	1.01E-13	13.824	-8.2944	-3.22E-05	2.2888	-1.3733	-5.33E-06	4.1752	-2.5051	-9.72E-06	5.52E-07	3.31E-07	1.29E-12	19.5	-11.7	-4.54E-05
-0.15	2.594	-2.594	-1.01E-05	1.34E-07	6.38E-08	2.48E-13	11.061	-6.6366	-2.57E-05	1.8317	-1.099	-4.26E-06	3.3407	-2.0044	-7.77E-06	1.11E-07	6.67E-08	2.59E-13	15.383	-9.2297	-3.58E-05
-0.1	1.946	-1.946	-7.55E-06	9.95E-08	5.75E-08	2.23E-13	8.2966	-4.978	-1.93E-05	1.3742	-0.82454	-3.20E-06	2.506	-1.5036	-5.83E-06	1.54E-07	9.22E-08	3.57E-13	12.956	-7.7734	-3.02E-05
-0.05	1.298	-1.298	-5.03E-06	1.15E-07	5.30E-08	2.06E-13	5.5295	-3.3177	-1.29E-05	0.91616	-0.5497	-2.13E-06	1.6703	-1.0022	-3.89E-06	1.25E-07	7.48E-08	2.90E-13	8.7652	-5.2591	-2.04E-05
0	0.648	-0.648	-2.51E-06	1.53E-07	8.11E-08	3.15E-13	2.7616	-1.657	-6.43E-06	0.45769	-0.27461	-1.06E-06	0.83426	-0.50056	-1.94E-06	1.91E-07	1.15E-07	4.44E-13	4.4922	-2.6953	-1.05E-05
0	2.70E-05	2.70E-05	1.05E-10	1.70E-07	8.57E-08	3.32E-13	0.00012857	7.71E-05	2.98E-10	4.27E-05	2.56E-05	9.95E-11	1.64E-05	9.84E-06	3.82E-11	1.95E-07	1.17E-07	4.55E-13	0.00014026	8.42E-05	3.26E-10
